1 2 4 6 5 8 10 14 16 17 12 20 16 25 26 27 22 31 25 31 40 37 39 30 38 30 32 41 42 47 37 32 43 46 39 62 42 43 48 55 54 71 47 46 62 47 89 93 66 51 99 58 91 98 85 62 75 106 78 88 79 100 70 103 68 101 82 104 77 72 92 130 92 140 148 107 130 153 105 114 129 96 144 134 113 165 155 159 150 159 95 112 146 135 123 180 163 176 185 137 
2 2 3 6 6 7 8 11 16 12 15 20 17 20 23 29 30 26 34 26 36 36 41 27 29 46 35 45 55 38 54 44 39 54 41 58 50 72 76 54 49 75 48 66 63 62 74 79 90 85 71 99 63 77 56 62 83 108 74 64 76 75 83 97 105 81 90 107 105 72 118 136 85 105 76 122 151 100 97 114 160 142 91 104 165 96 90 88 145 126 148 145 166 127 147 164 143 132 113 173 
3 4 5 5 8 10 8 9 15 14 18 13 18 26 21 17 28 31 36 25 32 22 31 45 25 33 44 33 49 32 36 34 55 47 62 69 41 71 44 74 74 44 51 73 63 89 88 52 66 57 94 82 98 60 94 79 107 107 71 99 67 92 76 113 122 111 124 113 121 88 81 107 108 103 88 101 134 140 129 124 150 116 124 141 168 159 115 128 145 142 139 103 151 171 170 173 129 164 104 100 
4 6 6 5 7 10 8 14 13 11 12 21 16 21 27 19 31 28 20 37 26 37 27 38 45 32 43 42 43 56 54 62 60 57 66 62 39 48 57 60 73 57 81 71 51 68 66 68 65 57 93 87 85 99 65 76 104 63 62 107 88 103 110 84 103 74 118 101 130 101 78 95 110 124 95 85 100 152 137 124 102 108 122 143 130 132 141 90 158 103 153 171 119 153 186 124 104 142 138 137 
7 5 6 8 8 8 9 15 12 14 16 21 22 24 25 24 19 33 20 32 25 26 28 24 25 41 45 54 36 40 47 41 44 38 50 41 52 65 59 53 80 79 73 45 86 47 65 79 49 91 96 55 74 63 95 92 66 111 110 98 81 72 81 68 109 93 113 101 101 85 124 108 78 123 138 117 88 83 142 111 85 158 123 114 102 108 144 136 137 108 174 177 139 128 185 178 190 107 161 123 
6 7 8 10 12 13 14 11 18 11 15 13 14 14 27 25 31 22 20 20 22 25 35 40 45 28 47 46 47 35 52 46 41 44 58 55 57 42 74 75 59 68 52 62 56 52 78 89 61 81 96 73 62 62 102 75 97 107 85 71 105 81 85 108 72 99 130 94 122 94 101 72 82 77 109 106 109 138 88 82 100 111 103 99 98 124 172 121 148 145 151 104 143 175 103 168 189 117 112 196 
12 7 9 7 14 13 15 12 18 14 17 21 19 17 25 25 24 31 36 24 39 37 28 32 35 39 37 47 31 38 41 50 62 43 54 50 43 61 66 61 75 76 73 73 65 85 74 57 76 70 58 89 76 93 101 91 80 101 80 78 113 67 93 110 99 94 117 85 109 117 135 80 126 95 82 110 134 138 98 85 85 84 152 107 156 129 129 133 123 125 158 150 129 97 166 132 165 131 154 112 
9 14 9 12 13 14 18 13 13 12 24 21 16 21 20 29 27 31 28 26 31 25 43 35 28 37 40 41 54 47 52 52 61 55 36 54 72 53 60 73 72 79 52 46 85 80 79 72 57 76 62 76 79 68 60 87 84 58 83 97 75 62 64 104 128 128 89 132 109 104 126 95 134 115 146 145 129 135 141 129 100 139 145 138 91 115 138 163 138 165 145 151 146 153 150 133 110 163 175 132 
15 14 14 12 13 11 15 11 15 17 21 23 17 16 30 22 25 28 34 36 33 34 24 25 28 45 36 38 34 54 46 48 36 60 57 53 41 56 40 46 56 61 62 69 72 54 90 76 94 76 88 90 79 105 92 90 60 94 79 80 94 77 77 110 92 66 118 122 94 90 87 133 106 106 102 88 129 91 107 84 105 152 133 113 85 129 134 130 94 173 140 138 121 103 110 123 187 140 181 197 
14 10 11 18 13 13 14 18 15 15 21 17 17 21 26 20 32 22 33 36 42 29 40 40 33 34 51 54 42 39 36 62 46 68 67 65 69 42 77 62 79 42 61 73 47 77 53 81 52 61 96 96 89 87 64 68 76 78 82 107 84 116 103 64 94 124 80 116 96 120 119 142 139 116 127 147 104 101 125 133 148 104 117 87 148 121 122 170 149 102 91 159 100 95 160 104 172 190 194 177 
18 17 11 12 19 17 16 23 16 15 17 17 29 26 22 34 21 27 29 39 33 39 48 33 34 35 40 29 57 34 56 50 61 37 51 38 54 74 60 49 54 45 55 85 83 70 52 68 93 62 61 79 97 100 56 77 104 58 101 110 85 70 116 79 118 130 119 118 92 78 107 108 93 95 105 94 116 118 153 85 118 92 133 159 149 113 170 139 104 92 166 97 182 178 159 112 171 174 153 151 
21 15 18 13 18 23 16 20 20 27 27 30 20 18 30 28 31 37 23 37 36 29 45 50 52 41 38 44 46 46 62 56 60 64 57 55 65 42 58 52 50 69 45 69 70 48 82 90 88 98 101 73 103 106 96 75 97 81 76 76 122 87 93 90 71 107 77 80 83 126 127 77 96 86 103 109 117 153 124 88 104 107 159 122 91 118 129 115 120 102 146 96 144 142 163 178 99 152 160 143 
16 13 24 19 22 22 15 24 16 23 28 20 25 27 36 22 30 38 37 42 35 32 48 30 33 49 55 48 44 62 63 57 45 46 45 62 40 57 56 70 80 75 57 74 71 48 62 88 71 88 102 76 104 77 72 70 99 89 89 95 104 107 73 99 121 103 130 70 115 130 106 100 94 135 106 90 132 119 100 117 93 112 85 109 103 86 136 169 123 104 152 146 172 168 157 117 144 188 175 178 
21 23 14 21 19 26 24 18 25 17 23 31 18 34 30 34 36 23 42 42 27 29 50 37 29 36 57 50 35 45 50 54 39 54 67 44 74 74 42 54 51 63 82 55 83 78 84 54 57 52 63 79 92 56 58 99 89 74 79 79 110 68 64 80 69 112 71 117 123 121 84 103 111 115 105 83 80 124 145 92 116 87 147 119 88 168 143 148 170 140 126 170 171 100 113 137 164 177 178 179 
23 23 20 15 15 26 24 28 19 25 18 32 22 37 28 30 33 34 30 33 45 36 29 32 45 37 46 53 33 47 46 61 47 41 47 70 70 43 54 76 68 55 76 77 47 83 92 92 68 93 94 91 104 66 76 62 85 80 83 69 116 97 95 113 126 73 99 99 125 107 115 132 79 130 115 139 148 117 135 87 102 123 94 107 148 162 92 149 95 124 132 103 177 125 112 163 125 116 139 195 
16 18 16 30 27 25 31 29 18 22 23 28 32 28 32 22 26 25 28 46 41 27 51 52 31 40 56 49 34 54 49 44 48 37 49 75 51 53 73 53 67 84 86 47 90 65 65 55 95 67 80 87 57 58 78 95 107 85 62 103 114 78 74 121 119 87 93 74 121 95 75 75 111 135 118 133 93 84 85 94 94 148 120 121 126 125 105 152 151 166 168 174 124 153 135 136 179 100 112 109 
30 31 23 28 22 28 29 32 19 26 21 36 32 28 34 29 28 31 40 34 45 49 50 50 45 40 53 34 45 39 51 50 49 45 54 62 41 69 67 70 62 50 52 79 77 86 62 63 93 92 86 71 77 79 97 96 100 68 63 71 103 110 110 105 74 85 92 121 94 113 94 142 105 103 82 86 144 138 135 150 122 94 105 136 156 136 112 127 110 94 102 102 159 123 163 179 151 166 169 194 
25 26 20 30 27 24 20 24 20 34 26 39 35 25 28 38 37 38 44 43 33 39 48 29 57 49 35 51 44 56 43 44 50 73 57 76 60 72 55 77 65 82 66 59 62 57 97 65 98 83 86 69 68 102 97 74 70 104 86 110 111 70 79 77 101 77 74 125 87 126 114 133 130 121 119 142 106 143 116 83 123 106 164 161 96 103 108 119 116 128 150 151 137 106 187 115 189 162 113 127 
33 36 29 22 34 22 35 25 23 27 38 33 27 36 41 35 39 44 33 31 31 28 46 57 59 40 48 41 42 42 54 62 53 38 42 60 67 71 53 65 65 66 56 81 58 82 66 77 54 93 103 88 67 76 93 98 74 103 68 117 112 116 120 88 104 103 121 116 117 120 112 115 120 99 141 129 111 107 129 135 95 94 106 138 106 134 113 109 150 148 145 121 140 138 97 172 169 105 186 105 
37 32 25 29 31 32 28 33 22 22 33 36 23 45 30 38 37 35 51 30 49 38 54 49 57 34 33 64 65 48 39 55 66 65 39 74 54 42 68 78 57 71 54 82 76 58 63 54 101 75 100 93 59 110 110 63 66 119 77 119 122 87 99 71 84 86 80 121 133 86 90 88 130 83 138 79 119 149 87 161 152 155 151 141 135 168 171 167 113 125 98 170 121 156 124 101 175 151 164 188 
35 21 38 31 38 39 24 27 35 27 41 33 41 30 34 26 44 32 47 39 33 53 40 32 37 44 36 39 52 55 55 72 55 65 45 45 56 51 69 49 63 61 87 62 71 85 93 64 98 74 76 108 82 106 91 62 92 100 118 80 104 114 98 111 97 83 77 89 76 112 90 118 117 110 135 148 96 133 116 141 84 120 135 102 111 115 166 171 155 172 97 157 181 179 180 175 165 177 182 137 
32 42 22 23 31 28 29 31 39 30 41 28 43 31 33 44 44 35 39 40 53 49 49 57 33 35 56 37 66 44 66 43 41 48 59 57 82 69 53 62 77 70 86 77 56 94 96 90 103 65 58 95 91 63 60 79 96 65 90 118 96 108 113 85 93 94 116 128 92 132 77 140 79 144 81 100 102 86 117 84 160 137 106 138 118 154 158 162 104 159 140 173 179 187 182 170 193 170 150 108 
24 34 34 38 34 28 25 32 36 31 34 33 38 39 44 34 48 38 54 33 32 37 48 38 50 35 66 55 67 47 44 51 54 67 56 80 56 47 78 61 64 66 74 79 79 68 61 94 64 97 67 97 80 109 94 87 61 122 107 66 70 97 77 102 94 86 114 78 119 97 118 141 106 132 123 155 132 137 92 118 104 152 96 161 132 140 176 157 151 154 150 164 161 185 178 105 135 137 140 166 
46 32 37 32 32 33 41 34 48 40 47 38 43 28 32 32 42 29 37 47 44 54 35 44 45 52 48 66 59 66 42 42 44 44 56 81 45 66 71 51 63 58 75 85 68 55 81 71 105 64 91 99 88 91 72 61 74 87 84 76 118 74 83 77 69 82 73 79 72 83 143 144 83 92 79 131 121 125 89 93 131 111 156 109 154 112 131 141 121 171 184 102 113 112 99 141 102 180 110 132 
32 46 44 29 45 40 27 40 36 39 28 47 45 35 46 44 32 54 37 58 36 45 38 62 34 42 65 43 58 63 61 77 47 70 63 67 50 55 66 54 60 50 76 81 63 92 82 64 102 56 105 95 63 89 93 102 79 68 88 67 112 129 132 97 96 125 108 83 103 106 123 80 91 128 124 91 141 90 149 120 145 87 168 164 115 176 99 154 115 151 140 161 118 134 106 190 140 155 171 189 
36 38 38 26 48 40 31 29 39 27 51 29 51 46 56 54 56 43 35 49 57 43 55 38 55 41 51 54 61 51 65 58 64 66 61 64 58 50 50 64 71 85 67 54 96 74 98 96 56 89 108 76 68 109 82 97 83 86 67 74 91 116 126 105 113 131 138 102 134 140 128 134 131 103 138 85 125 129 144 103 162 116 141 109 137 139 99 123 137 152 98 170 138 102 110 115 160 174 144 197 
52 32 35 45 45 42 45 27 41 35 51 53 41 48 33 54 57 60 44 63 36 59 46 39 57 62 57 50 51 63 48 78 76 72 46 82 85 72 79 63 72 71 82 63 64 99 86 72 91 74 88 98 61 93 88 113 65 79 87 94 70 129 127 89 119 123 123 122 116 143 101 143 135 126 92 105 90 138 135 140 159 129 128 117 91 92 116 101 134 112 110 150 133 170 111 159 172 184 129 196 
40 50 44 32 34 41 53 30 46 42 35 50 58 36 34 50 49 48 40 52 39 41 57 49 52 45 46 46 66 49 75 48 77 73 47 69 86 59 50 57 82 55 67 58 59 98 62 88 103 105 89 70 68 90 104 67 100 119 107 119 111 122 75 104 81 79 126 119 98 139 120 145 112 145 93 127 111 138 93 109 142 109 102 93 114 110 160 178 184 173 178 123 153 173 135 117 193 105 112 148 
53 45 42 32 50 52 31 44 56 36 37 56 52 59 45 58 56 62 60 38 56 44 50 68 41 47 66 64 46 79 73 79 75 75 57 60 57 72 94 56 76 98 100 100 71 64 68 84 79 77 61 116 66 99 78 109 117 120 93 73 119 99 71 110 134 132 132 89 97 144 136 142 146 116 115 142 104 108 106 114 108 161 140 96 167 145 110 152 110 112 145 147 141 170 99 166 130 158 122 160 
40 47 44 40 51 51 52 49 39 48 34 42 52 34 39 49 51 36 59 39 68 62 66 71 41 43 72 55 72 44 70 76 84 67 87 70 71 73 76 49 80 83 81 68 85 97 93 66 91 79 103 90 90 86 104 63 102 66 89 118 90 109 70 127 102 89 97 88 82 138 83 104 142 89 150 136 146 112 160 117 134 131 170 105 154 150 102 118 123 97 111 97 113 151 160 152 191 117 154 169 
53 57 50 40 50 48 58 31 35 57 39 49 61 51 65 58 47 57 41 60 43 54 58 67 39 49 64 56 68 47 48 47 71 71 86 67 68 54 59 87 93 72 89 82 54 89 56 98 73 72 89 95 111 90 65 124 96 73 120 127 86 110 129 107 132 116 118 129 127 112 110 108 112 146 153 157 115 116 102 139 111 141 119 124 97 92 174 131 142 126 133 123 150 166 130 109 184 111 144 130 
42 61 35 44 60 53 59 45 48 34 40 49 61 64 52 65 38 64 58 43 46 45 40 75 51 73 75 57 64 47 61 44 87 66 76 59 86 95 65 68 68 83 103 77 76 68 107 81 110 73 81 65 76 104 118 70 91 73 110 96 78 108 91 127 84 103 114 132 123 79 132 79 83 80 153 137 108 120 108 154 92 94 121 145 175 165 167 170 109 103 134 119 168 155 184 106 119 128 166 180 
40 51 43 56 64 36 44 63 54 41 53 66 64 48 53 61 46 54 44 72 46 59 39 51 41 78 51 62 62 52 62 59 79 88 91 81 95 62 94 87 79 54 85 76 71 78 83 99 58 107 108 89 119 94 117 74 99 128 90 128 129 95 90 114 79 139 119 133 105 89 78 118 136 128 102 105 112 126 163 169 163 174 99 105 132 159 110 145 151 150 121 157 120 137 125 138 192 125 145 192 
60 50 62 43 35 36 63 53 35 55 48 67 42 54 56 63 64 65 54 62 66 72 57 53 60 66 59 44 84 71 59 84 57 68 60 88 58 61 99 98 97 84 92 76 81 103 90 81 116 70 96 85 98 95 116 81 83 73 76 117 84 103 79 124 86 100 94 121 76 142 127 122 85 133 114 88 96 155 132 142 143 172 148 139 171 179 123 170 137 122 128 155 139 150 149 145 162 142 140 141 
61 60 60 43 46 42 55 44 62 68 50 49 40 54 55 58 46 63 60 76 75 52 61 82 70 59 55 51 75 85 75 63 81 76 68 52 62 84 84 60 60 54 85 61 102 78 58 67 108 71 98 72 118 124 87 127 111 126 91 121 136 129 81 90 108 141 94 105 82 146 100 121 80 85 139 141 158 160 138 135 132 129 159 165 120 120 104 142 139 157 190 168 183 142 152 121 175 107 112 123 
64 54 56 59 70 37 67 44 47 68 46 61 60 56 71 75 49 43 59 64 49 43 73 49 52 77 76 45 47 51 55 47 94 53 92 87 75 70 99 60 90 56 69 94 67 112 73 115 113 69 106 86 67 105 84 71 113 103 129 128 129 86 132 85 102 111 143 106 118 118 152 122 115 146 121 101 156 140 143 152 131 142 110 113 120 114 93 166 132 123 168 187 142 179 138 161 135 170 188 178 
60 45 59 70 63 62 59 38 37 41 51 46 40 66 55 52 60 40 45 41 66 68 84 67 83 68 62 90 59 55 92 59 57 74 64 77 62 101 56 68 82 92 77 86 108 97 82 111 92 118 85 113 71 65 113 84 71 116 132 117 126 89 109 110 87 77 113 80 83 135 139 152 90 95 133 146 128 103 129 88 94 132 166 99 170 136 169 179 131 173 124 159 170 165 131 182 126 104 199 122 
53 64 41 60 49 53 62 38 41 61 40 47 44 56 46 66 52 65 45 67 59 83 61 68 59 51 50 83 50 64 52 56 90 64 51 60 67 70 87 66 60 72 104 82 80 69 114 81 65 86 99 88 105 101 115 110 124 120 112 98 100 142 100 86 126 138 149 151 119 84 109 146 141 88 161 147 165 92 167 142 90 132 113 114 134 119 163 171 143 110 120 187 172 148 107 104 177 138 192 153 
43 71 48 67 75 71 54 45 67 78 55 69 77 79 46 67 61 76 81 44 72 80 73 45 78 77 74 64 77 64 80 65 69 100 62 71 98 86 104 90 99 93 72 92 112 85 101 64 102 98 105 112 96 118 72 82 118 88 125 89 103 135 127 106 106 100 78 152 98 119 131 99 103 140 110 152 86 109 102 132 127 141 175 143 150 164 103 139 144 162 117 149 165 117 199 179 180 149 155 209 
49 59 74 76 48 46 42 56 43 62 52 63 50 81 59 64 43 73 61 84 62 87 60 90 58 63 73 59 52 49 76 73 71 60 101 89 100 83 85 59 78 67 102 113 99 94 105 117 99 80 110 94 80 123 80 114 110 110 108 99 112 103 124 99 112 94 96 78 119 123 136 152 118 133 162 92 119 143 140 156 109 92 129 121 100 155 117 110 114 155 135 120 176 187 150 120 142 134 207 148 
52 72 48 67 43 61 71 68 63 56 57 69 64 73 51 60 56 47 49 76 57 47 65 75 66 71 87 63 56 90 58 71 99 81 66 105 86 58 82 62 63 82 70 69 64 98 102 77 74 84 99 114 92 105 101 81 85 77 109 87 134 141 105 103 135 100 120 156 133 137 86 140 110 136 116 161 136 127 142 121 116 170 118 181 184 149 158 176 133 126 136 152 148 186 136 116 113 183 196 165 
46 57 50 73 81 43 50 59 49 47 81 60 53 51 45 48 48 65 62 81 49 47 56 75 58 59 72 52 81 58 52 73 64 54 95 60 84 83 68 78 104 100 85 100 110 88 78 84 96 125 101 127 126 85 117 129 82 98 135 114 141 119 114 96 78 121 100 143 154 108 83 160 139 158 122 154 154 89 122 151 115 172 139 162 126 111 135 100 119 145 172 183 143 117 202 110 164 167 107 163 
52 46 44 51 64 79 77 71 54 80 63 86 54 60 45 70 63 86 83 49 76 61 65 58 60 93 90 88 62 81 80 93 103 105 71 106 99 108 102 112 70 105 113 85 73 101 112 70 87 87 82 72 77 82 112 79 126 71 105 127 102 121 109 119 87 86 108 119 142 87 154 144 161 111 113 133 99 127 169 140 137 158 99 163 95 122 137 112 126 183 149 199 147 118 126 148 183 150 191 177 
81 61 84 78 73 47 69 78 51 71 76 52 62 66 57 88 77 64 51 58 70 54 94 73 55 78 86 80 68 95 74 63 92 63 89 107 93 85 83 96 93 66 79 106 84 124 120 79 101 81 91 131 112 95 96 74 136 109 74 78 125 136 150 133 113 121 122 104 134 142 136 128 163 154 168 161 151 115 154 95 130 114 94 152 104 151 189 128 177 173 180 131 122 107 122 201 192 189 169 112 
87 48 85 77 81 60 49 70 86 70 52 77 63 51 56 75 55 91 73 68 57 66 58 83 70 52 85 89 56 75 54 92 90 69 109 91 71 76 106 98 110 86 71 62 107 93 99 109 82 77 67 128 76 131 104 108 81 113 129 106 95 146 94 117 102 134 80 147 139 86 151 119 135 104 137 89 134 94 178 95 178 107 140 145 103 181 145 146 159 133 125 168 108 202 116 171 129 169 175 175 
75 78 72 84 71 58 71 47 52 72 59 63 56 60 77 74 82 62 71 63 61 94 78 96 93 94 59 74 98 87 56 106 61 68 74 93 71 97 80 73 111 112 115 112 75 80 86 120 113 73 131 132 71 94 101 90 132 124 105 101 129 141 94 117 98 152 139 110 118 134 126 88 130 154 133 163 165 121 107 111 121 181 122 137 141 172 177 177 161 105 149 109 120 196 149 110 177 107 162 142 
51 48 77 78 69 52 61 53 88 54 80 85 72 78 62 64 83 51 54 93 88 73 66 93 56 62 56 58 91 106 81 90 75 102 73 72 109 79 101 80 77 91 121 88 99 80 107 117 77 108 111 122 128 108 78 72 97 82 109 136 79 102 133 108 79 154 118 129 121 107 131 101 167 132 173 99 147 119 144 101 129 150 102 188 150 186 120 163 126 126 104 137 183 124 128 195 203 214 155 167 
50 66 75 90 88 62 92 94 84 63 74 72 71 88 50 77 95 84 96 83 65 82 69 93 93 92 79 82 64 66 64 107 99 83 92 94 82 106 71 69 63 88 105 71 91 102 101 99 120 85 99 125 83 100 96 112 113 78 97 79 148 133 145 156 107 90 90 159 155 147 94 137 96 91 100 131 99 139 180 103 96 118 167 130 103 175 134 156 187 146 128 133 190 208 182 176 128 139 151 138 
60 93 87 84 81 96 86 92 60 67 51 77 52 62 86 55 100 73 77 73 84 92 90 96 70 100 101 89 67 94 92 97 93 90 116 116 61 72 93 83 100 72 108 84 120 71 87 107 90 107 136 112 120 90 80 104 75 98 83 79 115 99 108 100 134 155 155 117 133 102 131 103 116 137 103 151 110 139 168 180 170 163 132 108 107 108 167 101 109 202 103 150 135 150 131 115 115 112 154 118 
90 79 83 57 90 68 76 54 86 88 62 60 64 100 62 92 101 60 72 74 102 90 58 79 103 59 67 64 63 76 105 95 74 85 98 102 112 80 96 93 124 77 115 127 73 126 73 79 80 123 71 117 87 113 85 88 115 130 95 145 81 115 154 122 112 84 85 124 141 85 116 93 161 104 166 108 115 129 171 135 118 113 104 157 132 128 112 171 153 125 118 137 113 140 136 144 164 177 175 155 
87 64 89 64 63 66 73 79 51 52 76 80 55 56 61 69 77 73 83 100 79 87 63 106 58 70 64 94 102 96 80 114 97 64 93 117 99 64 103 105 113 104 98 87 99 92 120 121 76 75 99 99 118 125 123 125 144 82 139 121 103 84 113 153 155 88 103 110 105 100 146 171 172 136 113 132 99 172 184 127 180 131 161 159 148 147 141 172 198 174 145 187 105 127 132 200 192 218 212 114 
89 82 96 83 56 60 96 86 58 100 98 58 85 102 53 85 86 75 99 58 95 78 63 101 106 75 84 97 95 80 108 94 91 100 65 101 77 65 92 97 82 105 73 112 98 79 129 111 94 124 129 110 132 133 122 145 106 102 109 141 156 100 130 127 133 134 151 98 107 157 88 170 130 163 106 155 178 161 166 139 108 183 140 106 174 128 176 192 147 175 185 190 208 211 188 112 178 160 201 161 
59 69 78 56 64 77 66 62 65 93 100 94 96 98 97 71 87 56 72 78 65 88 93 107 64 97 74 103 67 99 92 85 103 110 85 108 77 110 71 113 93 117 67 73 122 87 98 84 86 80 116 133 113 120 109 136 79 137 112 80 124 142 102 116 158 115 128 167 117 133 168 149 109 90 175 151 151 95 107 162 142 166 154 119 122 158 171 144 145 124 109 171 210 147 108 164 192 199 168 209 
106 55 88 59 82 96 63 86 83 69 97 76 59 102 98 70 73 95 76 77 83 113 73 88 64 84 61 79 118 66 108 90 114 75 86 67 71 91 127 110 92 126 74 107 93 129 84 79 100 77 104 138 137 131 133 106 141 115 89 83 116 99 103 109 162 137 91 147 167 151 152 165 100 175 143 104 114 131 136 185 150 139 104 123 117 179 129 185 189 165 164 141 113 127 175 147 146 123 126 205 
78 92 105 105 68 103 76 57 108 93 83 107 59 87 60 72 95 64 66 112 108 111 65 102 78 96 69 82 69 86 78 67 87 95 120 86 116 86 81 68 74 131 71 112 72 83 107 83 76 134 116 79 105 138 92 126 113 139 89 134 116 143 132 164 112 92 92 133 101 160 150 118 159 136 92 149 184 141 146 144 124 149 173 105 102 144 183 198 129 200 207 131 183 108 117 208 179 211 176 221 
105 77 68 63 110 74 97 67 73 89 58 86 66 82 67 62 85 71 86 60 110 84 60 70 61 81 80 68 82 117 107 117 112 82 120 96 103 78 128 99 99 105 106 79 108 141 111 135 92 144 94 91 82 78 132 152 136 85 117 107 127 158 128 91 108 92 139 113 113 145 175 175 129 166 174 147 122 117 162 103 133 176 144 191 172 181 103 184 187 174 135 141 205 151 212 114 220 203 175 214 
94 57 111 86 87 60 72 107 98 65 89 101 71 96 65 79 87 116 113 117 117 66 62 118 101 105 85 86 95 72 79 102 71 95 123 95 105 80 97 69 99 100 75 121 139 110 95 77 146 95 123 144 151 95 82 89 143 102 120 122 106 115 123 168 144 114 123 139 112 152 172 98 133 122 147 121 99 152 134 106 168 132 168 111 184 137 159 109 157 205 167 115 211 137 169 149 200 198 147 223 
67 106 79 94 108 69 91 72 106 63 103 80 74 68 91 85 84 73 83 113 75 106 67 94 74 97 101 78 110 85 114 127 81 91 76 106 124 71 79 81 93 106 130 79 110 98 134 141 91 97 87 119 126 96 149 152 138 143 147 98 117 138 96 93 131 169 102 138 131 121 125 140 102 134 117 107 155 120 98 179 150 160 181 120 153 156 200 183 144 134 177 144 169 176 113 188 127 222 209 165 
103 66 70 82 68 71 62 109 110 61 66 73 113 68 62 93 68 76 95 73 76 107 80 86 86 105 65 115 79 91 118 109 84 125 87 120 115 72 128 85 129 122 76 136 96 117 115 121 112 134 77 95 118 123 112 104 126 130 112 146 121 118 112 168 88 101 117 151 119 138 178 128 177 174 115 113 168 157 154 130 150 162 143 135 108 169 190 125 146 172 120 142 167 132 210 203 121 155 222 208 
95 64 63 85 96 114 81 115 68 73 106 80 70 66 112 105 122 96 75 94 88 116 77 101 107 125 72 110 103 125 113 90 121 119 107 119 126 89 126 136 89 141 123 139 104 146 100 132 109 126 87 140 127 89 158 142 111 127 94 103 123 122 159 159 107 149 117 138 150 124 145 138 150 128 163 139 120 188 121 180 174 162 128 128 139 136 106 145 199 175 115 183 217 155 111 156 154 197 159 142 
103 75 84 97 85 90 65 76 69 111 88 105 119 84 88 121 83 100 96 95 99 120 102 81 86 75 105 128 122 113 109 122 119 100 100 128 114 76 81 105 134 114 124 109 130 109 146 150 102 80 122 100 124 132 148 95 115 136 108 135 107 142 170 132 131 158 157 127 99 127 97 151 167 155 109 122 113 147 165 112 153 178 171 175 129 206 119 187 151 148 160 152 180 157 124 166 180 201 173 221 
84 66 76 116 74 87 93 108 97 66 121 88 110 98 88 122 66 68 71 97 124 68 100 86 66 102 112 118 105 80 87 106 107 92 108 124 121 94 127 138 127 80 85 104 133 118 89 140 126 120 112 108 97 139 141 143 127 160 151 87 88 116 170 124 162 175 96 122 161 133 105 158 141 154 126 144 135 110 198 155 137 141 177 187 118 187 187 148 213 161 116 146 163 179 141 130 221 163 220 123 
65 77 76 102 99 123 121 79 120 98 83 66 67 122 104 112 78 99 71 78 77 95 75 67 124 117 101 68 127 73 74 135 89 140 135 126 79 73 108 102 140 80 86 143 111 79 116 123 148 115 134 99 113 112 115 128 97 133 98 116 93 95 150 129 99 99 100 125 103 181 145 173 174 136 173 143 115 139 110 180 145 107 144 179 153 145 130 121 178 167 143 159 131 162 183 133 132 153 216 173 
102 101 88 126 123 92 109 97 77 108 96 108 82 100 118 122 79 98 125 109 87 108 88 102 103 109 110 125 120 130 125 105 89 74 91 86 98 107 137 99 76 136 135 107 141 146 95 128 105 120 153 159 139 98 130 115 137 89 151 149 102 155 173 104 144 105 93 174 117 101 168 104 160 158 181 137 179 136 160 142 145 180 191 136 132 122 182 111 122 129 148 206 205 221 130 157 132 145 182 220 
105 77 95 87 106 90 121 118 98 124 85 81 125 103 71 68 116 130 115 77 124 96 68 130 108 122 137 114 137 99 88 92 129 76 107 94 119 84 78 115 133 132 131 112 106 145 116 130 92 136 115 111 99 133 100 95 116 148 147 153 95 169 111 130 138 146 137 109 127 182 155 180 135 99 183 181 138 178 144 120 162 203 207 152 158 185 205 156 119 164 155 129 133 129 151 176 204 167 191 127 
116 87 93 128 122 80 77 119 70 83 89 88 109 88 132 74 100 71 68 75 134 124 74 82 118 129 91 101 115 87 110 129 136 96 92 94 101 98 134 103 111 106 154 151 99 126 146 157 101 93 148 120 118 92 123 111 91 101 131 127 156 119 148 161 146 140 169 175 187 140 106 161 151 109 143 180 142 185 196 160 109 119 127 126 165 204 179 172 211 208 148 194 196 176 163 148 181 177 130 182 
73 75 80 76 78 76 121 77 75 115 75 94 122 134 130 84 102 73 133 101 100 128 76 93 75 93 77 111 115 130 127 133 107 138 120 76 107 120 122 80 99 135 113 116 145 126 105 157 132 99 108 162 89 104 154 89 100 93 166 136 114 91 175 130 171 138 147 148 108 141 161 138 137 144 127 131 197 165 146 195 149 205 121 206 122 110 141 157 148 121 120 114 125 126 128 180 218 199 194 199 
74 103 70 134 95 125 80 75 102 131 84 77 81 73 125 120 120 72 131 101 91 103 121 127 98 103 102 80 101 120 76 81 111 114 76 95 141 134 93 114 96 79 98 124 87 92 108 98 148 133 113 109 102 161 160 96 96 130 119 115 155 99 158 129 172 98 163 110 163 128 147 121 132 149 154 184 180 114 181 161 145 175 147 146 129 182 134 207 191 143 114 155 116 148 226 198 233 209 157 143 
120 132 121 113 81 90 72 101 75 116 116 91 113 79 109 112 131 101 98 84 115 124 79 133 130 89 131 117 95 144 115 112 84 112 132 143 136 84 93 106 94 98 149 145 132 138 134 104 84 140 151 169 140 156 146 109 155 160 147 133 153 149 131 97 102 184 113 135 169 149 104 196 173 132 118 153 114 190 168 130 120 156 188 133 205 207 127 203 199 193 114 211 123 197 117 203 166 192 197 161 
75 110 118 95 110 116 130 84 99 75 133 117 77 92 75 71 96 122 111 122 83 93 116 135 91 76 103 144 141 78 100 121 142 123 120 97 98 121 92 119 154 109 89 92 111 83 100 102 148 161 122 114 103 135 119 144 111 139 176 144 103 108 176 120 164 155 156 135 143 174 143 146 104 120 127 152 118 182 127 135 143 203 208 208 178 183 181 112 187 118 168 184 177 183 132 126 217 179 164 162 
137 101 109 97 112 134 120 126 74 93 86 88 102 107 138 125 106 80 77 121 93 94 96 134 102 122 103 117 77 86 117 142 110 81 97 109 85 148 139 142 132 117 136 138 143 119 133 99 159 88 133 105 129 102 128 100 93 125 102 104 101 184 184 112 179 136 125 119 115 122 157 153 199 133 192 146 113 106 132 136 190 213 140 206 188 180 186 187 128 121 170 204 129 231 124 147 222 178 171 140 
107 116 85 103 79 73 132 95 84 87 79 136 109 114 120 101 103 87 95 117 92 95 78 122 87 142 126 85 140 83 145 102 94 140 93 142 124 87 106 92 144 103 97 128 164 92 139 112 88 126 111 132 148 164 124 150 142 128 171 101 117 132 97 173 136 183 109 181 128 153 128 171 162 126 111 133 166 128 201 167 201 116 132 187 182 131 124 138 177 149 166 139 179 217 135 175 136 133 204 203 
138 142 96 84 128 93 108 102 132 82 86 112 139 83 144 101 138 140 138 144 81 111 110 138 78 120 120 93 120 104 140 141 151 112 87 83 146 159 135 97 110 147 131 145 142 86 116 165 112 148 106 116 94 162 135 123 154 178 119 130 141 147 153 169 190 153 162 163 179 114 167 163 162 114 186 122 151 115 135 158 208 175 211 175 173 184 114 211 204 188 125 231 120 158 206 230 163 195 206 131 
81 94 121 130 84 104 99 121 86 141 94 88 85 107 122 101 120 109 78 109 136 87 130 140 102 95 130 128 144 127 131 91 102 91 112 157 122 123 153 154 96 151 91 110 160 95 136 87 103 105 134 91 157 151 126 173 178 170 176 94 105 171 139 172 165 174 164 105 131 108 135 166 137 162 156 140 185 180 108 203 153 129 155 111 211 212 182 124 191 202 125 177 178 219 202 176 159 157 203 200 
89 125 85 126 113 117 111 138 79 121 118 113 99 119 118 99 150 125 129 139 78 122 84 139 129 145 93 105 132 94 151 96 141 102 100 113 112 106 110 95 100 124 167 166 162 97 100 168 111 174 156 99 131 118 175 149 102 109 126 173 132 181 131 138 128 161 137 191 136 110 161 119 183 147 163 196 207 152 199 181 209 116 179 153 204 129 214 193 182 137 179 126 179 129 236 192 165 184 138 145 
147 88 88 129 120 104 144 131 140 93 146 96 116 87 97 87 152 116 85 142 149 97 102 96 154 130 128 134 117 157 135 153 152 110 138 96 85 103 88 129 156 165 88 127 99 119 92 172 94 97 152 175 130 160 108 142 98 109 184 178 173 173 167 192 180 185 182 131 124 154 161 200 158 190 201 188 161 173 115 215 178 120 161 198 223 135 172 133 184 190 212 156 182 136 126 139 223 213 172 150 
78 122 77 137 107 133 124 87 126 98 101 140 82 80 146 124 88 153 90 82 96 96 125 90 118 159 108 125 129 109 88 117 161 86 123 138 86 117 103 137 161 140 167 110 103 144 159 120 152 178 97 100 155 100 165 95 144 120 130 173 181 149 107 143 162 105 124 160 146 168 175 191 165 119 175 203 166 199 162 145 167 199 195 209 213 191 224 135 212 154 151 188 174 213 226 152 233 165 183 182 
137 109 87 92 99 139 83 101 86 118 112 142 96 88 103 103 96 84 103 102 81 110 144 115 123 122 101 162 150 111 89 135 148 125 115 121 165 169 109 115 94 131 111 150 142 165 177 95 103 173 149 174 114 116 114 98 108 156 131 143 185 171 135 167 130 135 177 203 128 182 181 158 152 154 151 205 111 187 214 115 205 197 123 142 142 122 119 224 190 125 135 137 159 173 212 219 195 137 141 154 
155 81 134 106 134 135 137 106 81 83 137 124 114 110 90 109 86 107 159 113 110 159 85 93 92 124 114 112 158 154 103 148 133 148 106 122 88 146 150 91 156 118 120 164 111 168 121 152 158 101 180 180 185 173 141 146 108 129 185 143 176 161 139 184 142 116 192 108 134 147 202 126 168 179 143 175 152 212 169 212 172 116 145 198 221 188 213 178 132 171 226 122 233 204 155 133 168 186 183 207 
134 125 111 114 139 131 158 122 128 114 153 98 150 115 134 87 124 158 133 155 104 157 93 137 98 153 159 84 122 88 103 97 92 144 129 137 87 96 124 112 148 168 171 160 120 118 182 132 179 173 153 141 115 140 161 190 134 160 160 120 101 108 124 107 169 139 161 105 145 205 182 126 165 117 147 154 161 216 214 117 153 205 202 199 186 117 136 216 229 141 147 236 172 150 188 166 138 224 232 161 
113 146 126 121 141 157 151 118 84 85 89 108 151 126 139 113 129 155 160 123 157 150 108 134 165 128 142 145 161 158 133 163 169 118 144 168 107 164 98 154 176 129 139 155 171 160 173 138 121 133 180 100 105 102 182 186 111 106 135 147 183 115 179 193 107 154 166 138 152 107 183 127 133 180 201 152 132 158 167 137 215 138 184 120 203 119 191 130 130 130 213 224 221 147 152 164 238 145 169 203 
122 129 112 86 146 150 107 121 120 100 127 122 106 91 84 113 137 102 94 143 111 90 130 123 102 158 154 112 143 165 154 148 105 139 115 140 115 98 159 94 115 144 103 181 102 115 120 154 162 135 117 113 130 180 138 136 183 160 162 126 186 175 203 145 138 185 112 150 150 124 175 157 119 177 200 132 168 212 171 152 182 173 218 177 122 227 169 224 171 191 175 172 234 166 171 228 221 228 206 161 
147 86 127 93 158 138 114 152 146 100 91 157 146 136 154 87 85 158 117 161 150 168 127 135 92 118 139 147 136 147 144 171 172 129 152 128 134 170 114 119 105 173 116 132 132 103 118 149 118 147 115 132 106 164 167 189 195 111 113 151 191 192 141 108 198 160 208 114 210 190 139 121 135 157 180 159 152 196 165 131 209 199 229 197 164 234 123 209 161 223 210 172 138 163 246 178 174 254 218 225 
164 122 122 120 158 97 117 122 159 157 88 92 152 148 165 118 87 85 150 143 86 113 141 172 139 131 101 127 136 128 139 103 96 135 140 136 174 145 137 171 164 138 136 186 133 137 123 151 131 156 137 114 177 124 188 101 185 182 196 125 197 167 184 158 190 199 132 118 200 128 177 117 113 205 188 210 126 145 150 143 119 179 153 132 125 164 191 189 205 231 228 201 201 149 166 202 214 219 183 177 
132 143 89 128 138 136 152 135 161 122 91 142 133 118 166 146 121 109 139 166 109 142 135 103 119 161 98 103 159 135 165 148 149 129 140 116 109 159 160 117 143 176 94 145 172 124 104 185 122 169 141 144 176 107 116 148 164 178 104 165 145 124 165 200 197 112 206 206 154 165 215 166 169 146 144 134 164 200 147 216 181 125 197 188 137 231 127 211 157 157 196 226 127 177 191 195 189 148 224 184 
111 136 160 126 120 156 142 136 151 110 166 115 133 106 125 171 158 129 87 105 128 150 165 97 135 157 122 132 118 137 168 125 173 166 161 119 155 138 160 140 138 174 128 175 117 100 185 100 101 135 120 100 113 164 170 178 139 127 174 124 178 111 161 185 207 204 136 151 192 153 166 117 204 142 199 151 209 170 184 223 178 217 154 189 235 185 217 202 173 203 194 244 165 201 192 163 243 235 213 152 
163 107 148 134 148 134 124 167 103 118 103 141 137 126 109 126 169 173 170 126 135 92 174 144 108 92 99 164 179 115 145 127 165 166 155 157 174 108 113 162 136 117 141 151 191 101 131 189 191 165 105 132 136 123 190 176 149 182 147 144 110 143 157 113 160 194 162 149 160 164 178 172 131 213 195 134 197 205 196 153 227 149 147 121 188 189 164 208 158 232 153 153 189 137 143 158 176 163 222 189 
171 171 97 107 138 145 109 130 158 101 129 130 159 91 144 170 100 174 168 173 113 146 101 133 171 92 94 137 103 113 157 160 171 100 179 176 142 125 158 154 177 153 159 112 133 121 179 143 154 161 149 179 114 197 131 143 204 176 186 201 158 195 147 202 127 214 150 111 220 129 176 170 174 190 115 117 178 189 159 128 196 235 223 218 197 147 127 149 164 238 195 128 148 228 245 198 143 255 236 219 
174 159 106 155 136 154 111 96 162 117 122 97 131 175 162 119 141 173 140 93 122 138 157 105 111 166 106 166 136 172 170 152 169 99 131 125 187 115 105 121 101 184 136 152 106 150 123 136 200 174 164 187 111 191 179 171 208 189 133 134 142 208 173 161 173 120 166 186 121 152 184 130 120 150 223 183 190 120 139 209 123 185 147 158 218 173 139 186 184 195 214 187 161 228 132 147 168 217 249 137 
98 163 133 109 178 96 146 129 124 106 100 178 165 115 146 160 104 153 168 155 94 114 118 158 109 99 134 146 152 163 181 101 134 163 97 178 160 140 157 190 191 160 103 139 197 160 142 110 109 106 169 142 138 115 184 133 114 153 195 112 111 161 216 115 204 151 154 117 160 206 119 150 167 174 152 163 147 230 174 215 201 122 173 235 169 191 125 178 211 155 193 175 158 203 156 230 215 206 174 135 
173 94 170 147 159 129 117 132 178 97 127 178 150 173 152 129 98 114 159 128 177 175 156 130 144 139 137 123 188 149 96 152 98 124 129 156 117 193 135 163 124 140 113 132 179 152 166 106 103 133 149 116 176 169 132 116 129 192 181 125 150 186 160 193 122 193 171 151 130 193 173 115 203 127 179 163 156 144 186 157 132 125 227 140 156 240 228 150 228 186 158 149 219 160 255 254 242 173 194 172 
96 126 109 157 134 180 178 148 150 130 136 178 177 94 101 112 104 160 99 159 156 128 103 142 126 151 102 108 121 125 154 101 159 147 147 193 171 116 118 111 194 135 127 183 143 169 197 119 112 200 119 134 195 108 205 184 127 161 182 210 124 218 117 219 219 170 180 204 135 195 143 198 179 153 124 156 169 193 221 240 127 234 171 221 132 248 183 210 152 173 240 228 177 132 256 156 220 211 152 194 
145 107 125 152 159 124 147 161 182 142 180 159 151 152 142 131 111 161 149 167 131 110 102 95 99 96 168 147 159 159 106 189 112 144 118 126 185 178 187 167 101 160 147 132 170 155 114 202 182 165 140 166 142 177 148 206 138 154 137 163 138 122 213 155 159 133 153 165 162 124 128 157 194 132 229 220 145 161 181 201 174 144 223 146 132 248 137 210 172 170 238 256 175 187 152 225 217 146 142 172 
158 159 130 156 143 157 182 153 186 162 163 180 163 115 174 159 111 144 116 114 157 131 174 119 140 114 176 120 133 189 171 116 100 191 174 100 162 145 142 175 144 169 203 171 161 141 185 131 189 190 153 110 207 202 161 110 135 132 216 204 179 221 124 212 222 148 189 154 217 146 184 203 199 220 171 121 153 123 135 180 193 171 131 213 174 170 185 194 254 151 198 212 172 235 196 179 169 210 179 137 
153 113 156 114 98 103 139 151 149 135 174 129 188 172 98 111 139 100 186 137 120 178 117 134 169 127 123 144 133 172 144 129 186 150 109 132 148 115 159 168 193 133 201 159 104 170 115 167 199 149 153 146 176 180 215 115 160 210 177 150 168 135 189 207 217 219 118 138 197 231 207 203 173 152 238 148 221 167 200 233 179 165 177 215 249 137 169 161 221 190 164 172 219 262 193 197 174 145 201 265 
153 166 163 99 172 130 162 117 166 184 96 169 119 144 132 179 104 135 115 133 164 112 115 111 168 186 130 175 109 149 136 103 180 188 182 174 186 136 136 174 193 196 122 203 178 155 169 134 189 199 110 201 215 159 172 199 175 195 178 156 184 181 129 202 202 192 193 172 124 169 207 175 168 238 155 201 179 200 182 172 222 223 148 180 170 246 251 190 207 147 151 183 235 199 224 140 152 266 145 197 
179 187 113 158 166 172 155 156 163 176 132 104 131 150 151 161 176 135 191 112 170 127 151 162 127 196 113 127 192 172 189 134 133 109 117 106 156 120 142 193 201 110 114 210 116 115 202 122 188 137 121 114 110 133 141 170 190 122 164 121 198 186 225 148 217 200 203 207 174 173 189 195 214 174 227 218 168 164 134 248 201 247 243 214 149 235 138 240 191 255 163 162 240 228 247 164 189 187 257 222 
126 125 157 169 103 188 153 156 151 184 126 103 117 150 163 106 105 108 153 147 171 140 148 179 104 200 134 138 182 116 181 157 117 155 195 123 134 145 126 186 205 147 143 138 120 162 144 184 213 138 202 190 198 112 134 136 114 132 188 218 155 137 142 159 159 177 214 200 222 175 172 191 125 185 130 150 222 141 178 132 197 208 128 216 229 159 202 206 209 232 237 204 135 153 214 170 207 143 237 259 
177 105 145 118 170 108 99 175 156 182 141 103 121 181 128 164 130 190 146 113 188 145 138 150 103 187 128 179 142 145 116 198 144 115 147 136 113 129 144 173 118 159 143 186 147 138 130 185 159 203 194 129 217 127 163 134 134 173 224 127 204 209 214 225 161 198 150 169 223 207 163 207 228 142 143 140 203 166 188 128 182 237 208 251 179 190 236 215 184 154 201 152 251 244 203 179 181 149 155 230 
165 166 182 172 159 159 144 185 156 111 134 119 181 191 134 135 137 133 196 122 163 166 144 108 102 196 200 108 167 138 109 116 148 193 107 196 193 115 122 168 202 207 153 147 210 133 161 195 209 165 192 157 176 208 188 177 180 142 217 144 126 217 194 204 165 138 172 189 177 171 178 171 149 157 231 214 230 195 238 152 188 155 140 203 221 148 249 163 223 197 155 178 198 270 268 238 183 149 167 158 
