1.286 1.296 1.124 1.436 0.7 1.23 0.904 1.069 1.418 0.744 0.923 0.592 0.93 1.281 0.835 1.112 0.785 0.754 1.163 1.086 1.214 1.019 1.203 1.279 1.082 0.673 0.562 0.649 0.697 0.789 0.925 0.835 0.938 0.549 0.772 1.138 0.631 1.176 1.059 0.549 0.772 1.483 0.993 1.202 0.616 1.329 0.815 0.901 0.583 0.83 0.839 1.297 0.702 0.542 1.429 1.284 1.068 1.491 0.786 0.617 1.132 1.211 0.952 0.57 0.612 1.224 0.56 0.743 1.252 1.12 1.144 0.524 1.103 0.638 0.579 0.571 1.467 0.894 0.972 0.55 0.576 1.311 0.699 0.778 0.706 0.628 0.563 0.626 0.971 0.849 0.743 0.604 0.912 1.195 1.026 1.024 1.272 1.087 0.619 1.024 
0.707 1.263 1.401 0.662 0.753 1.48 0.733 0.72 1.226 0.557 1.122 1.302 0.72 0.674 0.581 1.278 1.154 0.644 1.404 0.626 1.345 0.999 1.082 1.109 1.047 0.608 0.633 0.819 0.547 1.104 0.695 1.106 0.867 0.948 1.268 1.121 0.928 0.853 0.693 0.654 1.262 0.668 0.809 1.483 0.842 0.89 1.261 1.496 1.386 0.518 0.974 0.583 1.369 0.556 1.192 0.916 1.017 0.677 0.587 1.064 1.281 1.135 0.671 0.648 0.583 0.791 0.621 1.364 1.145 1.167 0.87 0.907 1.335 1.179 0.89 1.029 0.569 1.004 1.025 0.807 1.374 0.852 0.89 1.243 0.908 0.582 1.012 1.425 0.759 1.099 1.342 0.892 1.086 0.513 1.041 0.522 0.804 0.514 1.386 0.801 
0.533 0.756 1.209 0.72 1.436 0.951 1.249 0.857 0.807 1.127 1.165 0.681 1.479 0.907 1.425 1.239 1.342 0.937 0.517 0.601 0.888 1.359 1.346 0.827 1.372 0.887 0.849 1.028 1.253 0.735 1.33 0.639 1.343 1.391 0.859 1.279 0.842 0.961 0.637 0.502 0.94 0.654 0.683 0.919 1.061 0.96 1.01 0.903 0.749 1.027 1.357 1.49 0.886 1.203 1.169 1.11 0.942 0.518 0.639 1.047 1.105 0.821 0.538 0.948 0.712 0.898 0.728 1.406 0.711 1.217 1.408 1.151 0.723 0.944 0.922 1.284 0.756 1.432 1.04 1.358 1.312 1.249 1.348 0.698 1.304 1.017 0.661 1.098 1.387 0.8 0.997 0.992 1.473 1.036 0.792 0.685 0.786 1.02 0.591 0.997 
1.089 0.852 1 0.664 0.648 1.422 1.449 0.904 0.706 1.341 0.762 0.518 1.442 0.962 1.069 1.246 1.479 1.23 1.196 0.718 0.882 0.693 1.21 0.855 1.229 0.503 1.04 0.515 1.375 1.483 1.364 1.317 1.187 0.864 1.481 1.335 1.138 0.782 0.74 1.345 0.975 1.002 1.363 0.917 1.465 0.932 1.015 0.796 1.014 0.711 1.015 1.396 1.257 1.077 1.103 0.986 1.432 0.995 1.354 0.66 0.979 1.218 0.829 0.666 0.583 0.81 0.854 1.221 1.445 1.094 1.418 0.92 0.948 1.282 0.69 1.265 1.066 0.557 0.914 0.933 1.121 1.429 1.181 0.878 1.358 0.785 0.716 0.643 1.28 0.57 0.803 1.111 1.289 1.132 0.63 0.724 0.794 0.984 0.797 0.739 
0.578 0.716 0.512 1.026 0.85 1.054 1.144 0.768 1.111 0.558 1.201 1.084 0.839 0.883 0.814 0.697 1.168 1.031 0.84 1.3 1.101 1.495 0.912 1.242 1.479 1.042 0.818 0.774 0.526 1.116 1.365 0.956 1.332 0.729 1.482 0.682 1.283 1.478 0.95 1.247 0.536 1.004 0.831 0.875 1.387 1.146 1.425 1.407 1.029 1.117 1.207 0.982 1.113 0.619 0.725 1.444 1.161 1.043 0.718 0.539 1.011 0.936 0.995 0.843 1.165 1.33 1.377 0.949 1.308 1.18 1.048 0.697 1.036 0.731 1.072 0.923 1.377 1.349 0.83 1.258 0.967 0.537 0.741 0.932 1.009 1.318 0.876 1.022 1.213 1.095 1.062 0.725 0.883 0.557 1.42 0.548 1.387 1.298 1.349 0.548 
1.33 0.897 0.745 0.866 1.129 0.669 0.641 1.358 0.519 1.323 1.469 0.986 0.712 0.71 1.418 1.221 0.528 0.794 0.744 1.241 0.741 0.658 0.818 1.124 0.715 0.739 0.525 0.955 0.889 0.726 1.355 1.071 1.124 0.6 1.437 1.105 0.769 0.93 1.315 0.788 0.753 1.284 0.626 0.965 0.846 0.544 0.687 1.226 1.191 1.283 1.32 0.784 1.441 0.638 0.761 1.008 0.877 0.786 0.815 0.618 1.364 0.67 1.189 1.34 1.122 1.478 0.945 1.392 0.908 1.113 1.032 1.161 1.249 1.159 0.627 0.596 0.555 1.166 1.322 0.598 0.949 1.142 0.883 1.242 0.633 1.496 0.75 1.362 1.134 1.418 1.481 0.998 0.588 1.17 0.839 0.563 1.149 0.636 1.455 0.557 
1.249 1.339 0.571 0.999 1.35 0.698 1.447 0.758 1.364 1.269 0.856 1.165 1.264 0.591 0.907 0.749 0.939 0.509 0.611 0.573 0.779 0.592 1.072 1.22 0.615 0.763 1.283 0.616 0.899 0.59 1.025 1.001 1.429 1.096 0.5 0.632 0.646 0.799 0.89 0.862 0.92 0.598 0.527 0.684 1.042 1.286 0.933 1.481 0.648 1.045 0.907 0.927 1.489 1.479 0.647 0.956 1.094 0.782 1.072 1.493 0.872 0.598 0.994 1.154 1.194 1.346 1.286 0.693 0.645 1.028 1.055 1.066 1.478 1.083 0.602 1.372 1.221 1.388 0.706 1.369 1.285 1.113 1.149 1.274 1.444 0.648 0.731 1.038 0.931 0.655 1.031 0.655 0.753 0.878 1.309 0.8 0.724 1.447 0.993 1.222 
1.327 0.548 1.14 0.658 1.483 1.242 0.53 1.205 1.13 0.736 1.426 0.915 1.349 1.427 1.042 1.293 0.576 0.625 1.183 1.359 0.78 1.067 0.866 1.034 1.445 1.028 0.686 1.021 0.975 1.179 0.743 1.155 0.579 1.383 1.313 0.563 1.478 1.343 1.268 1.46 0.932 0.546 0.876 0.781 1.474 0.77 0.927 0.902 0.895 0.61 1.113 0.527 1.177 1.479 1.413 1.474 1.007 0.599 0.996 0.835 1.278 0.591 0.842 0.71 0.827 0.655 0.773 0.805 0.85 0.893 0.765 1.282 0.939 1.493 0.916 0.913 0.763 1.343 0.667 0.51 0.805 1.28 0.538 0.835 0.612 1.451 0.809 1.471 0.551 0.657 1.158 0.681 0.749 0.5 0.891 1.076 0.655 0.516 0.733 1.358 
0.909 0.998 1.14 1.349 1.344 0.908 1.114 0.607 1.103 0.634 0.97 1.409 1.414 1.008 1.096 0.878 1.311 0.757 0.85 0.714 0.915 0.86 0.896 0.516 0.861 0.639 1.092 1.368 0.656 0.677 1.226 1.417 1.175 1.219 1.266 1.019 0.627 1.233 1.479 1.231 1.367 0.949 1.492 0.633 0.809 1.088 1.364 0.62 1.345 1.066 0.835 1.112 1.426 0.583 1.128 0.787 1.074 1.072 1.008 0.582 1.249 0.734 0.5 0.925 0.805 0.618 0.796 0.933 1.351 0.775 1.016 0.57 0.576 1.008 1.056 0.885 0.948 0.92 1.358 0.793 1.486 0.693 0.758 0.764 1.128 1.386 1.052 0.702 0.959 0.56 0.785 0.708 1.146 0.785 1.133 1.452 0.903 0.782 1.237 1.107 
1.409 0.753 1.177 1.486 1.261 0.733 1.223 0.709 0.505 1.081 1.354 1.491 0.626 0.612 0.756 1.254 1.499 0.66 1.457 0.958 1.072 0.742 1.166 1.07 1.379 1.152 1.022 0.782 0.786 0.759 1.389 0.695 1.012 1.419 1.033 1.125 1.004 0.757 1.334 1.01 0.69 1.189 1.353 0.817 0.653 0.961 0.571 0.652 1.121 0.88 1.462 1.045 1.474 1.481 0.616 1.353 1.133 1.138 0.988 0.771 0.75 1.229 0.966 0.614 1.148 0.852 1.24 1.005 1.461 1.426 0.515 0.651 1.115 1.368 0.968 1.269 0.83 1.392 0.773 0.803 1.124 0.736 1.349 1.099 0.717 0.817 1.304 0.702 0.807 0.792 0.973 1.057 0.874 0.791 0.524 0.522 1.143 1.264 1.027 1.456 
1.19 1.394 0.608 1.158 1.263 1.428 1.279 0.945 0.672 0.552 0.6 1.297 0.788 1.449 1.248 1.357 1.118 1.052 0.559 1.426 0.697 1.384 0.983 1.071 1.028 1.007 1.445 1.023 1.123 1.325 0.98 0.814 1.219 1.088 0.824 1.334 1.016 0.603 0.779 0.541 0.655 1.232 1.338 1.296 1.181 1.438 1.153 1.152 1.342 0.565 1.078 0.539 1.449 0.561 1.11 0.977 1.421 1.056 0.501 1.396 0.881 0.981 0.71 0.952 0.921 1.034 0.787 0.789 1.489 1.418 0.83 0.645 1.15 1.02 1.441 1.184 0.958 1.446 0.836 0.801 0.511 1.414 1.192 1.461 0.827 0.803 1.29 0.748 0.711 1.291 0.997 1.444 1.124 1.207 1.248 0.545 1.094 0.535 0.835 1.435 
1.454 0.517 0.58 1.104 1.038 0.873 1.14 0.848 0.82 1.476 1.149 0.831 1.39 1.194 1.144 0.718 1.497 0.935 1.318 1.06 1.078 0.815 1.356 0.703 0.875 1.104 1.1 0.821 1.492 0.787 0.756 1.446 0.805 1.189 1.402 0.695 0.562 1.043 1.043 1.234 1.019 1.045 0.566 1.262 0.739 0.562 0.832 1.088 0.997 0.65 1 0.928 1.318 0.856 1.483 1.045 0.812 1.083 0.718 0.804 1.371 0.974 1.102 1.028 0.663 1.005 1.223 1.078 0.9 0.766 0.812 0.771 0.663 1.23 0.533 0.902 0.645 0.865 0.842 1.494 1.368 1.342 0.922 0.538 0.698 0.905 1.083 1.011 0.841 1.301 0.667 1.064 1.127 1.27 0.592 0.643 0.775 1.315 0.573 1.175 
0.933 1.237 0.798 1.449 0.968 0.832 0.851 1.113 0.549 1.194 1.459 1.417 1.036 0.882 0.807 0.587 0.639 0.742 1.45 0.98 0.895 0.617 0.544 0.523 1.387 0.636 1.018 1.014 0.803 1.091 1.041 0.589 0.828 1.34 0.538 0.648 1.024 1.241 0.613 1.073 0.935 0.573 1.343 0.824 1.307 0.65 1.263 1.446 1.245 1.213 1.279 0.64 0.682 1.323 1.015 0.57 0.812 0.533 1.436 1.467 1.476 0.978 0.908 1.157 1.17 0.946 1.305 0.694 1.04 0.771 0.619 0.827 1.196 1.462 1.151 1.003 0.965 1.266 1.301 0.71 0.979 1.08 0.85 1.162 1.256 1.366 0.584 0.92 0.751 0.52 1.239 1.08 1.35 0.648 0.737 1.372 1.446 0.894 0.566 0.986 
1.165 1.038 1.314 0.861 1 1.317 0.716 1.465 1.084 0.518 1.027 0.915 1.098 1.378 0.577 1.206 0.596 1.013 0.626 1.199 1.386 1.366 0.779 0.588 0.514 1.016 1.461 1.46 1.411 0.879 1.299 1.428 1.417 1.113 1.142 1.27 1.282 1.358 0.587 0.866 1.376 1.115 1.282 0.975 0.993 0.711 0.681 1.441 0.577 1.16 1.14 1.463 1.026 1.42 0.551 1.392 1.288 0.864 0.704 0.551 1.244 0.503 1.48 0.513 1.116 1.122 1.283 1.251 0.98 1.371 0.617 0.857 0.986 0.751 0.684 0.831 0.963 1.217 0.772 1.04 0.877 0.764 1.355 0.755 0.684 0.758 0.647 1.473 1.123 0.852 0.524 1.219 0.855 0.856 1.232 0.824 0.83 1.368 0.575 1.311 
0.591 1.044 1.02 1.429 1.296 1.204 0.76 1.111 1.273 1.384 1.003 1.003 0.648 0.858 1.258 1.185 1.116 1.406 0.51 1.091 1.11 0.886 0.81 1.465 0.595 0.895 1.141 0.925 1.115 1.216 0.736 1.206 1.113 1.256 1.487 0.909 1.312 1.099 0.52 1.438 1.335 1.375 0.941 1.483 0.733 0.699 0.52 0.701 0.957 0.882 1.293 0.567 1.269 0.955 0.533 1.364 0.702 0.526 0.789 1.317 1.243 1.378 1.375 0.856 1.486 1.362 0.617 1.299 1.313 0.989 0.589 1.148 0.864 1.03 1.484 1.097 1.229 0.504 0.65 1.039 0.887 0.795 1.106 1.008 1.251 1.139 0.872 1.453 0.518 0.513 0.623 1.261 1.391 1.498 0.969 1.378 0.713 1.438 0.529 0.526 
0.927 0.618 1.175 1.291 0.5 1.159 1.24 1.229 0.515 1.39 1.12 0.902 1.038 0.727 0.762 0.789 0.718 1.134 1.094 0.736 1.148 1.217 0.849 1.391 0.568 0.67 1.269 1.133 0.608 0.65 1.159 1.387 0.768 1.186 1.178 0.768 0.845 1.27 0.85 1.213 0.513 1.47 0.967 1.051 1.049 1.23 0.692 1.268 0.864 1.286 0.504 0.864 1.356 0.854 1.108 1.424 1.024 1.229 1.057 1.485 1.38 1.068 1.372 1 0.755 1.051 0.621 1.452 1.173 1.323 1.165 1.186 0.645 0.633 1.089 1.195 1.363 1.281 0.963 1.079 1.068 1.319 0.796 0.924 0.673 1.404 1.2 0.55 1.133 0.757 0.535 1.365 1.325 0.759 0.866 0.932 0.662 0.987 0.885 1.336 
0.81 0.902 1.374 0.955 1.387 0.964 0.65 0.602 0.745 1.465 0.534 0.665 1.285 0.83 1.089 0.81 1.086 1.141 1.212 1.071 1.398 0.599 0.937 0.576 0.859 0.655 1.36 1.021 1.142 1.097 0.857 0.804 0.5 1.084 0.611 0.739 0.548 0.762 0.842 1.145 1.079 0.876 1.311 1.216 0.558 1.252 0.527 1.496 0.894 1.239 1.419 1.144 0.691 0.856 0.572 1.05 1.011 1.433 0.571 1.005 1.03 1.281 1.309 1.382 0.865 1.421 0.622 0.913 1.035 0.964 0.91 0.966 0.692 0.721 0.683 1.102 1.474 1.062 1.45 0.868 1.153 1.369 0.512 1.344 0.726 0.585 0.894 0.589 0.87 1.318 1.447 1.4 1.099 0.608 1.283 0.816 0.881 0.757 0.581 0.768 
0.573 0.991 1.235 1.117 1.213 0.77 0.719 1.187 1.332 0.669 0.907 1.337 0.89 1.271 1.182 1.468 0.708 0.928 0.558 1.078 0.746 0.857 1.331 1.345 0.965 1.466 0.661 0.699 0.723 1.094 0.967 1.148 0.586 1.054 0.765 1.299 0.676 1.336 1.338 0.508 0.857 1.097 1.346 1.247 1.22 1.38 1.216 1.429 0.808 0.626 1.359 1.055 0.983 0.542 1.252 0.8 0.508 0.766 0.999 1.083 1.36 0.819 0.731 1.446 0.725 1.348 0.597 0.902 1.184 0.787 0.91 0.541 1.384 1.108 0.641 1.105 1.34 1.357 1.386 0.649 1.483 1.245 0.556 1.318 1.288 1.308 0.618 0.648 0.926 1.47 1.232 0.787 1.141 0.815 1.085 1.366 1.016 1.183 0.768 1.052 
0.822 0.531 1.446 0.707 1.139 0.587 0.664 1.332 1.444 0.55 1.481 0.779 0.647 0.537 0.597 0.787 0.697 1.067 0.936 1.124 1.389 1.02 1.411 1.03 0.687 1.348 0.897 1.203 1.383 1.165 0.756 0.706 1.196 0.702 0.913 1.188 1.141 1.429 1.02 1.085 0.831 1.353 0.716 1.33 0.742 1.165 0.618 0.939 0.732 1.054 0.915 0.622 0.926 0.826 1.152 1.113 1.027 0.901 1.169 0.91 0.567 0.777 1.116 0.615 1.331 0.881 1.303 0.972 0.81 1.175 0.909 1.493 1.028 1.125 1.324 1.27 0.79 1.442 0.71 1.374 1.348 1.125 0.848 0.774 0.804 0.853 0.739 0.683 1.254 0.76 1.093 0.673 1.037 0.71 0.789 0.868 1.443 0.592 1.34 0.754 
1.268 1.101 1.099 1.148 0.726 0.923 0.919 1.368 1.217 1.481 0.595 1.065 1.458 0.943 0.691 0.762 1.296 1.283 0.945 1.403 0.543 0.891 0.576 1.081 1.453 0.865 0.801 1.396 0.958 0.994 1.002 1.078 0.595 0.602 0.726 1.174 1.377 1.497 1.042 1.095 1.478 1.137 1.012 1.437 0.581 0.556 1.051 0.729 1.339 0.849 0.632 0.734 1.24 0.709 0.667 1.193 1.074 0.969 1.089 0.884 1.463 0.592 0.814 0.91 1.046 1.393 0.584 0.923 1.39 1.127 0.518 1.369 1.116 1.031 1.306 0.549 1.439 0.857 0.779 1.278 1.206 1.263 0.512 1.298 1.472 0.68 0.991 1.399 0.501 0.933 1.135 0.816 1.025 0.802 1.226 0.923 0.695 1.311 1.346 0.585 
1.29 1.365 1.454 0.906 1.248 0.612 0.956 1.187 1.322 0.587 1.317 1.38 1.35 1.329 1.179 0.675 0.861 1.022 0.926 0.862 1.455 0.561 1.178 1.332 0.863 1.257 0.755 1.41 1.068 0.602 1.496 1.21 0.819 0.802 0.616 0.919 0.915 1.424 0.958 1.089 0.863 0.775 0.969 1.066 0.956 0.648 1.241 0.67 1.171 1.019 1.032 1.126 1.08 1.063 0.959 0.796 0.82 0.566 1.058 0.74 0.668 1.054 1.45 1.339 0.709 0.918 0.758 1.476 1.195 0.568 1.065 0.558 0.843 0.534 1.124 0.652 0.683 1.217 0.822 1.354 0.736 0.706 1.332 0.669 1.269 1.143 1.317 0.941 1.21 0.875 1.181 0.73 0.782 1.131 0.922 0.991 0.55 1.18 0.967 1.245 
0.601 0.532 0.655 1.296 0.566 0.632 1.448 0.749 1.349 1.122 0.955 0.938 1.329 0.788 1.107 1.45 1.431 0.924 0.892 1.493 0.651 0.925 0.724 0.933 0.557 1.146 1.424 0.959 1.178 0.891 1.056 0.631 0.923 0.563 1.428 1.342 0.695 0.728 0.591 0.897 1.351 1.047 1.335 0.532 0.687 0.942 0.834 0.97 0.718 0.578 0.964 0.869 1.004 0.54 0.655 1.413 0.538 0.579 0.872 1.216 1.323 0.78 0.7 0.746 0.843 0.628 0.588 1.039 0.856 1.032 1.436 0.707 0.931 1.271 1.091 1.118 1.065 1.426 0.588 0.635 0.504 1.404 1.356 1.36 1.444 0.511 1.273 1.482 0.943 0.997 0.551 0.766 1.277 0.751 1.012 0.621 0.879 1.453 0.512 0.587 
1.337 0.8 0.795 0.768 0.923 0.738 1.386 1.488 0.664 0.826 0.975 1.021 0.731 1.183 0.881 0.675 1.195 0.655 1.01 0.638 0.504 1.061 1.256 1.282 0.664 1.12 0.755 1.395 1.073 0.767 1.482 0.91 1.419 1.129 0.53 0.842 1.368 1.416 1.182 0.884 1.095 0.657 1.405 1.326 1.34 1.139 0.853 1.387 0.646 1.363 0.877 0.65 1.276 0.633 0.784 0.792 1.254 1.039 0.687 1.179 0.658 0.67 0.942 0.577 0.651 0.972 0.919 0.519 1.241 0.601 1.256 0.836 1.11 0.513 0.662 1.303 1.152 1.367 1.19 0.65 1.231 0.92 0.801 1.359 1.053 1.085 0.652 1.159 0.977 1.191 0.839 1.487 0.713 1.281 0.565 0.865 0.753 1.336 1.236 1.494 
0.79 0.992 0.83 0.752 1.006 1.344 0.555 1.01 1.212 0.598 1.161 1.295 1.018 0.814 1.154 0.571 0.751 0.658 0.583 1.228 1.35 0.922 1.216 0.563 1.055 0.633 1.28 1.308 0.821 1.017 0.655 1.463 0.509 1.337 0.716 1.367 0.534 1.123 1.23 1.246 1.221 0.891 1.393 0.739 1.205 1.399 1.163 1.456 0.558 1.246 0.537 0.76 1.02 0.605 0.823 0.575 1.09 0.604 0.735 1.411 1.473 1.242 0.727 0.834 1.08 1.295 0.702 1.466 0.918 0.784 1.212 0.64 1.175 1.457 1.231 1.232 1.356 0.894 1.188 1.414 0.992 0.577 0.674 0.864 0.682 1.35 0.939 1.272 0.806 0.527 0.536 0.779 1.269 0.763 1.113 1.201 0.558 0.667 1.167 0.976 
0.951 1.231 1.468 0.978 1.188 1.2 0.71 1.045 0.946 0.751 1.311 0.791 0.828 0.838 1.155 1.011 1.04 0.947 1.135 1.346 0.974 1.171 0.977 1.095 1.434 0.942 0.797 0.844 1.462 0.816 0.673 1.265 0.548 0.641 0.744 0.588 1.341 1.306 1.485 1.14 0.909 0.649 1.431 1.238 0.987 1.438 1.101 0.879 0.885 0.736 0.725 0.711 1.408 0.554 0.659 0.694 0.996 1.308 1.391 1.31 0.624 0.564 1.076 1.024 0.705 0.672 1.465 0.899 1.478 1.45 0.539 0.888 0.599 0.822 0.978 1.438 0.76 0.579 0.817 1.498 1.167 1.394 1.061 1.427 1.448 1.22 0.622 1.297 1.028 0.865 1.107 1.153 0.929 1.035 1.029 1.134 1.207 0.994 0.885 0.538 
1.297 0.924 1.278 1.396 0.598 0.756 0.687 1.211 1.187 1.004 0.561 1.206 1.251 1.122 1.134 0.551 0.843 0.608 1.348 0.723 0.973 1.308 0.728 1.402 1.195 1.258 1.388 1.255 1.104 0.774 1.293 0.901 1.198 1.423 1.15 0.649 1.031 1.337 1.36 0.718 1.193 1.421 1.424 0.944 1.395 1.41 0.996 0.738 0.518 1.196 1.314 0.991 1.356 0.542 0.893 1.052 0.652 1.134 1.159 1.257 1.408 0.952 0.658 1.458 1.227 1.308 0.607 0.758 1.497 0.819 1.328 1.191 0.74 0.604 0.987 0.988 0.515 1.483 1.226 0.533 0.532 1.392 1.377 0.74 1.435 1.122 1.292 0.587 0.756 0.951 1.344 0.664 0.755 0.855 0.623 1.482 1.015 0.73 0.74 1.013 
1.402 0.92 0.704 0.642 1.025 1.191 1.13 1.04 0.527 1.209 1.425 0.911 1.453 1.302 1.151 1.388 0.925 1.296 1.476 0.533 1.099 0.672 0.698 1.355 1.379 1.173 0.689 0.895 0.755 1.282 1.408 0.657 0.702 0.964 1.152 1.227 1.007 1.134 1.119 1.386 1.195 1.045 0.797 1.149 1.199 0.801 1.037 0.976 0.597 1.365 1.01 1.196 0.89 0.56 1.403 0.769 1.233 0.593 1.164 1.488 0.727 1.424 0.646 0.929 1.24 0.65 1.009 0.748 1.284 0.98 0.634 0.98 0.525 1.284 0.629 1.225 0.585 0.518 1.053 0.682 1.384 0.563 0.73 0.774 0.975 0.634 1.395 0.708 0.727 1.06 1.049 0.954 1.336 0.547 0.735 1.077 0.697 0.596 1.325 0.833 
1.077 0.811 1.313 1.102 0.947 1.442 1.179 1.384 0.813 1.085 0.566 0.697 1.148 1.149 1.323 0.976 1.283 1.218 1.184 0.862 1.13 1.085 1.316 0.967 1.484 0.903 0.544 0.681 1 0.721 1.015 0.577 1.384 1.18 0.531 1.184 1.475 0.563 1.068 0.788 0.5 1.487 0.985 1.148 1.136 1.16 0.976 0.919 0.878 1.013 1.281 0.861 0.598 1.449 1.328 0.583 0.852 0.724 1.116 0.704 1.297 0.983 1.133 0.533 0.664 0.517 1.217 0.991 0.932 0.786 1.279 0.932 0.773 1.116 0.932 1.409 0.776 1.409 0.828 0.506 0.922 0.961 0.867 1.372 0.91 1.047 1.455 1.262 0.623 1.424 0.819 1.42 0.907 1.452 0.806 1.423 0.821 0.523 1.266 1.253 
0.809 1.045 0.685 1.082 1.013 1.47 1.343 0.641 1.379 1.023 0.648 0.801 1.484 1.367 0.673 0.894 1.267 0.981 1.009 1.39 1.257 1.328 0.663 1.016 0.632 0.969 1.292 1.306 0.992 1.058 1.059 0.654 0.604 0.597 0.588 1.469 0.567 1.432 0.611 0.798 0.955 0.759 1.451 0.94 0.978 0.976 0.686 0.745 1.457 1.195 0.988 0.566 1.375 1.151 1.083 0.508 0.972 0.875 1.314 0.816 1.433 1.225 0.97 0.889 1.322 1.411 0.859 0.741 0.695 1.322 1.039 1.15 0.933 0.99 0.942 1.411 1.467 1.129 1.009 0.776 0.824 1.497 0.843 1.052 0.5 1.426 1.06 1.324 1.153 1.226 0.64 1.086 0.951 1.463 0.828 1.126 0.726 0.539 0.719 0.921 
1.361 1.259 0.923 0.794 1.101 1.366 0.705 1.068 1.347 0.566 0.697 1.023 0.915 1.04 0.575 0.915 1.318 1.487 1.091 0.971 1.213 0.584 0.909 1.017 0.899 1.237 0.995 1.125 1.276 1.214 0.546 1.137 0.973 1.321 0.783 0.927 0.539 0.989 1.495 1.386 1.407 1.044 1.262 0.823 0.584 1.337 0.59 0.754 1.325 1.182 1.225 1.39 1.266 0.987 0.907 1.017 0.724 1.402 0.642 0.853 1.469 1.04 0.842 0.942 0.861 1.126 1.369 0.901 0.615 0.717 1.139 0.522 0.613 0.901 1.197 1.05 1.091 1.288 1.304 0.916 0.97 1.382 1.158 1.088 0.869 0.918 0.605 1.445 1.172 1.099 0.798 1.141 0.991 1.141 0.936 0.704 0.767 0.805 1.457 1.234 
1.374 1.097 0.608 0.84 0.85 1.306 1.39 1.441 1.094 1.194 1.209 0.916 1.428 1.22 0.856 0.797 0.638 1.313 0.743 1.31 1.264 1.393 0.952 0.755 1.034 1.388 1.311 1.301 1.045 1.269 1.387 1.272 1.218 1.496 0.612 0.568 1.302 0.502 0.862 1.248 0.548 0.571 1.016 1.477 1.291 0.724 1.126 0.781 0.889 0.721 0.592 0.653 0.615 1.396 1.26 1.149 1.284 1.071 1.303 1.181 0.84 1.19 1.305 0.558 0.538 1.417 0.979 1.34 0.771 1.341 1.44 1.172 0.764 1.308 1.149 0.908 0.532 1.127 1.189 0.921 1.349 0.633 1.426 1.464 0.529 1.186 1.465 0.665 1.11 0.62 1.347 0.802 0.663 1.152 0.861 0.701 1.422 0.692 0.894 0.693 
0.533 0.834 1.365 1.149 0.995 1.366 0.909 1.379 1.346 0.599 0.801 1.195 1.084 1.079 0.511 1.114 1.118 0.828 1.279 0.728 0.949 1.478 1.03 1.464 1.483 0.743 0.665 1.405 0.935 1.059 0.95 1.32 0.746 1.168 1.322 1.241 1.386 0.731 1.12 1.232 1.182 0.773 1.279 0.767 0.705 0.642 0.733 1.323 0.971 0.864 0.903 0.772 1.195 1.433 0.736 1.178 1.029 0.901 1.435 0.816 0.813 0.885 0.989 1.059 0.905 1.163 1.152 1.144 1.394 1.124 0.876 1.429 1.398 1.008 1.048 0.603 1.15 1.281 0.778 0.973 0.997 1.181 1.245 0.692 1.466 0.833 1.37 1.347 0.587 1.305 0.664 0.9 1.043 0.505 0.811 0.8 1.168 1.463 1.444 1.414 
1.087 1.173 0.695 1.337 1.033 1.243 0.792 0.683 1.376 1.07 1.157 0.874 0.751 1.254 1.418 1.07 0.94 1.289 0.917 1.027 1.446 1.081 0.779 1.341 1.438 1.442 0.994 1.106 0.757 1.29 1.373 1.344 0.963 0.568 0.534 1.496 0.664 0.826 1.032 0.892 0.749 1.041 1.266 1.352 1.147 1.185 0.922 0.587 1.326 1.34 1.466 0.624 1.273 1.097 0.818 0.564 1.039 1.312 0.522 1.296 1.102 1.395 1.493 0.918 0.816 0.527 0.914 0.98 1.205 0.798 1.372 0.806 1.339 1.491 0.659 1.339 0.528 1.081 0.778 0.706 1.273 0.745 0.83 1.399 1.342 1.148 1.463 0.882 0.96 1.485 1.03 0.915 0.733 1.023 1.333 1.049 1.402 1.099 0.881 1.108 
1.398 1.105 1.414 0.589 1.448 0.925 1.428 1.476 0.507 0.707 0.682 0.632 1.304 1.365 0.531 1.498 1.013 0.846 0.88 0.826 0.832 1.411 0.593 1.065 1.286 1.426 0.966 1.189 1.025 1.347 0.797 1.275 0.952 1.063 1.365 0.901 1.489 0.645 1.229 0.848 1.204 0.764 1.332 1.008 0.629 0.716 1.007 1.494 1.062 0.739 1.172 0.746 1.002 1.265 1.311 0.789 1.191 0.777 1.478 1.069 0.976 1.127 0.844 0.781 1.042 1.061 1.182 1.383 1.207 1.263 1.083 0.911 0.527 0.916 0.772 1.008 1.484 0.631 1.003 1.046 1.222 1.027 1.293 0.725 0.793 1.456 1.366 0.836 1.086 1.344 1.405 0.562 1.323 0.75 0.843 1.217 1.311 0.877 1.101 1.37 
0.641 1.036 1.134 1.02 0.804 0.758 0.529 0.788 0.889 1.384 1.335 0.611 0.911 1.48 1.188 1.204 0.788 1.054 0.541 1.374 1.25 0.798 0.789 1.425 1.4 1.132 1.143 0.564 0.862 1.096 1.434 1.355 0.632 1.068 0.875 0.937 0.678 1.256 1.225 1.067 1.14 1.412 0.531 0.904 0.744 1.219 0.608 1.033 1.126 1.001 0.907 0.876 0.652 1.196 0.802 0.552 1.181 0.797 0.616 0.895 1.393 0.903 0.75 0.525 1.471 1.477 1.314 0.65 0.586 1.392 0.569 0.578 1.304 0.952 0.982 0.901 0.672 1.443 1.434 0.65 0.944 1.193 1.026 1.448 1.242 0.68 0.501 1.275 0.977 0.969 0.67 0.87 1.372 1.272 1.248 0.696 1.249 1.062 1.198 0.687 
0.954 1.267 0.766 1.111 1.072 1.248 0.512 1.244 1.191 0.798 1.394 0.988 1.491 1.272 0.936 1.233 1.453 1.289 1.36 1.282 0.759 0.53 1.005 0.631 1.302 0.753 0.827 1.404 0.667 0.525 0.591 1.122 0.645 0.857 1.085 1.217 0.606 1.097 1.313 0.649 1.395 0.559 1.137 0.738 0.683 0.574 0.824 0.988 1.363 0.684 0.771 0.974 0.715 1.276 1.106 0.869 0.881 0.785 0.773 1.048 1.163 1.217 1.022 1.308 0.574 0.959 1.377 1.032 0.556 1.19 1.182 0.803 0.601 1.171 1.394 0.784 1.245 0.718 1.273 1.461 0.902 0.896 0.935 1.117 1.024 0.893 0.839 1.405 1.179 1.112 1.305 0.842 0.829 1.18 1.002 1.256 0.639 0.879 1.14 1.048 
0.921 1.174 1.351 1.374 0.846 1.245 0.658 0.943 0.815 0.783 0.904 1.218 1.179 0.692 1.187 0.703 1.437 0.526 0.96 1.116 1.491 0.766 0.81 1.172 1.446 1.312 0.928 0.937 1.043 0.921 1.485 0.816 0.595 0.689 0.69 0.941 0.786 0.849 1.385 1.102 1.484 1.141 0.82 1.164 0.685 0.859 0.719 0.623 1.238 0.532 0.591 1.229 1.15 1.254 0.901 1.448 1.066 0.682 0.885 0.962 1.103 0.871 1.278 0.55 1.06 1.469 0.992 1.346 1.17 1.229 1.3 1.154 1.222 0.972 1.17 1.408 1.332 0.742 0.883 1.07 0.774 1.326 0.799 1.424 1.08 0.552 0.724 0.647 0.734 1.109 1.461 0.689 1.48 1.239 0.74 1.392 0.56 0.584 0.591 1.23 
1.313 1.391 1.237 1.035 0.864 1.259 1.295 0.696 0.501 1.03 0.618 1.127 0.857 1.269 1.403 1.437 1.321 0.627 0.936 0.908 1.237 0.897 1.097 0.569 0.989 0.689 1.462 1.049 0.773 0.905 1.132 0.938 0.796 1.221 0.826 0.512 0.98 0.973 1.06 0.982 0.504 1.178 0.609 0.861 0.947 0.513 1.15 0.769 0.992 0.587 0.529 0.729 1.336 1.126 1.151 0.825 0.668 1.465 0.727 1.293 0.87 0.711 0.732 0.518 1.432 1.058 0.531 0.912 0.531 1.091 1.394 0.535 1.122 0.856 1.248 0.569 1.221 0.899 1.19 0.713 1.338 1.219 1.295 1.174 1.198 0.946 0.852 0.718 0.911 1.431 0.511 1.281 0.642 0.743 1.299 0.574 0.653 0.682 1.338 0.685 
0.626 0.585 1.072 1.248 0.941 1.173 0.669 1.014 0.924 0.712 1.227 0.762 0.783 1.022 0.788 1.481 0.82 1.14 1.051 1.231 1.423 1.063 1.012 0.565 1.306 1.164 0.991 0.812 1.346 1.182 0.997 0.824 1.267 0.921 0.572 1.06 0.946 1.094 0.574 1.37 1.306 0.653 0.632 0.589 0.528 1.273 0.923 0.848 0.913 1.474 0.58 1.189 1.037 1.444 1.254 1.196 1.46 1.098 0.508 0.659 0.78 1.357 0.983 0.899 1.13 1.408 1.459 0.577 1.002 0.533 1.447 0.808 0.686 0.932 0.897 1.066 0.705 1.32 1.415 1.47 1.295 0.847 1.159 1.184 1.143 1.266 0.88 1.104 0.864 1.24 1.263 1.496 1.097 1.098 0.895 0.728 1.006 0.854 1.157 0.508 
1.239 1.104 0.816 0.777 0.536 0.566 1.344 1.093 1.386 0.611 1.064 0.533 0.958 0.723 1.218 0.601 1.489 0.95 0.557 1.205 0.691 0.672 0.553 0.64 1.271 0.948 0.868 0.777 0.654 0.877 1.138 1.393 1.482 0.806 0.671 0.87 0.872 0.867 1.464 1.111 0.978 1.38 1.496 0.788 0.603 0.566 1.241 0.945 1.017 0.651 1.002 0.56 0.823 1.056 0.7 0.594 0.504 1.421 1.224 0.659 0.798 1.214 0.904 1.132 0.52 1.427 0.503 1.245 0.794 0.819 1.208 0.624 1.051 1.204 1.264 0.506 0.623 1.358 0.951 1.14 0.509 0.806 1.2 0.832 1.362 0.752 1.279 0.718 0.673 1.355 1.229 0.972 1.421 0.634 0.604 0.793 0.913 0.959 0.538 0.56 
0.63 0.598 0.684 1.181 0.655 0.801 1.188 0.778 0.659 0.991 0.77 0.668 1.297 0.822 1.352 1.159 1.074 1.483 1.378 1.248 0.69 1.459 1.072 0.611 0.593 1.176 0.905 1.007 0.988 1.295 1.067 1.118 1.394 0.603 0.8 0.549 0.904 0.84 1.179 1.415 1.331 1.449 0.935 1.481 1.123 1.14 1.14 0.697 1.123 1.37 1.445 0.666 1.33 1.017 0.777 0.775 1.046 0.534 0.634 0.534 1.33 1.201 1.152 0.576 0.657 0.804 0.977 1.413 1.496 0.656 0.681 1.328 0.957 1.116 0.661 0.58 0.756 0.653 0.777 0.732 0.876 1.075 0.898 0.706 0.944 0.527 1.333 1.49 0.562 1.468 0.876 1.392 0.521 0.881 1.468 1.03 0.537 0.945 0.944 0.534 
1.453 1.125 0.714 0.91 1.093 0.875 0.99 1.35 1.028 0.619 0.934 1.404 0.546 0.684 0.962 0.991 0.711 1.148 1.333 0.773 1.468 0.71 0.665 1.489 1.443 0.985 1.372 1.48 0.782 0.816 0.866 0.735 0.793 1.08 1.145 1.386 0.807 0.987 0.588 0.688 1.459 1.374 0.592 0.505 0.558 1.407 0.996 0.77 1.407 1.182 1.043 1.375 0.744 0.561 0.716 0.687 1.046 0.588 1.019 0.681 1.256 1.386 0.916 0.549 1.318 0.914 0.788 0.626 1.401 1.228 0.814 1.36 1.103 1.258 0.718 0.513 0.517 1.214 0.783 1.424 0.896 0.679 0.651 1.14 1.092 0.868 0.679 0.99 0.956 1.199 1.171 0.713 1.437 0.588 1.114 1.255 1.002 0.754 0.733 1.255 
1.483 1.399 1.468 1.438 1.158 0.686 1.451 0.527 0.752 1.087 0.804 1.149 1.266 0.955 1.141 0.858 1.323 0.673 1.348 1.132 1.372 1.02 0.697 0.661 1.46 0.663 1.416 0.962 0.918 0.65 1.069 1.253 0.901 1.037 1.191 0.911 1.223 1.494 0.939 1.476 1.081 1.243 1.477 1.199 1.05 1.47 0.909 1.226 0.643 1.11 0.858 0.867 0.982 1.055 1.028 0.942 1.218 1.297 0.756 0.988 0.799 1.325 0.741 1.2 0.863 0.784 0.612 0.938 0.779 1.051 1.266 0.712 1.146 1.243 0.764 1.048 1.214 1.173 0.774 0.709 1.135 1.132 1.077 0.617 1.039 0.957 1.411 1.11 0.754 1.019 0.598 1.053 0.845 1.192 1.106 0.56 1.476 1.218 1.35 0.755 
1.121 1.117 1.32 1.119 0.86 0.584 0.667 0.926 0.609 0.942 1.136 1.245 0.926 1.065 1.362 0.818 0.522 0.626 1.428 0.777 1.145 0.878 0.682 0.842 0.57 1.288 1.254 0.547 1.358 1.105 1.154 0.979 1.074 0.974 0.95 1.434 1.41 1.118 1.213 0.52 0.912 1.201 1.265 1.338 0.766 1.479 0.656 1.14 0.605 0.936 0.769 0.603 1.315 0.952 0.945 0.737 1.092 1.052 0.784 0.951 0.657 0.791 0.782 1.231 0.617 1.233 0.517 0.528 1.203 0.582 0.548 0.615 1.283 1.313 0.805 0.549 1.292 1.314 1.19 0.75 1.102 0.811 1.205 0.917 1.263 0.65 0.507 1.208 0.554 0.791 1.011 0.711 1.434 0.645 0.794 0.552 0.73 1.164 0.58 1.433 
1.246 0.628 0.9 1.03 0.793 0.558 1.431 0.937 0.724 1.473 0.539 1.326 0.785 1.244 1.096 0.9 0.747 1.103 0.608 0.801 0.746 1.471 1.013 0.681 0.617 0.659 0.733 0.847 1.323 1.165 1.133 1.422 0.645 0.885 0.952 0.938 0.943 1.235 1.375 1.167 1.209 1.415 0.994 0.846 0.511 0.942 1.246 0.758 0.545 0.707 1.06 1.143 0.678 0.925 1.324 1.147 1.084 0.909 1.495 1.26 0.926 1.48 1.182 1.071 0.865 0.986 0.509 0.661 0.721 0.737 1.328 0.782 1.004 1.174 1.128 1.015 0.968 1.227 1.274 1.013 1.434 0.834 0.657 0.964 1.259 0.833 0.612 1.195 0.595 0.959 1.307 1.021 1.291 0.989 0.593 0.656 0.827 0.954 0.817 1.401 
1.191 0.998 0.683 0.695 1.024 0.664 0.563 1.493 1.391 1.337 1.358 0.677 1.023 0.867 1.493 1.134 1.201 0.605 0.829 0.648 1.416 0.989 1.169 1.207 0.83 0.614 1.364 1.158 1.069 1.033 1.411 0.76 0.883 0.594 1.308 1.408 1.11 1.371 0.753 1.353 1.208 0.611 0.53 1.083 0.979 0.876 0.717 1.032 0.981 1.398 1.18 0.898 0.887 1.201 0.957 0.57 1.316 1.173 1.228 0.885 0.707 1.139 1.497 1.442 0.585 1.305 1.35 0.548 1.176 0.603 1.401 1.236 1.067 0.784 0.819 0.898 1.16 1.388 1.43 0.641 0.639 1.462 1.391 1.026 1.163 1.201 1.448 1.331 0.874 1.176 1.068 1.081 1.167 1.066 1.024 0.605 0.871 1.226 0.653 0.9 
0.682 0.554 0.988 0.601 0.838 0.66 0.999 0.85 0.548 0.929 1.344 1.039 1.243 0.587 0.918 0.906 1.288 0.866 1.09 0.663 0.543 0.658 0.596 0.562 0.576 1.472 1.019 1.3 1.199 1.172 0.7 0.733 0.579 0.54 0.834 1.269 0.7 1.333 0.62 1.101 1.114 1.464 0.64 0.857 0.551 1.058 0.615 1.34 1.425 1.205 0.855 0.82 0.716 0.951 1.234 0.792 0.924 0.754 0.592 0.975 1.426 1.144 1.208 0.505 1.185 0.894 1.275 1.385 0.727 0.747 1.338 1.341 0.711 1.479 0.698 1.114 1.389 1.165 1.306 0.666 0.871 0.661 0.986 1.087 1.465 1.073 1.379 0.889 1.327 0.824 1.364 0.605 1.468 1.424 0.963 1.153 0.818 1.09 1.391 1.397 
1.337 1.229 1.238 0.9 1.208 0.788 0.866 1.45 1.453 0.673 0.616 1.176 1.186 1.455 1.115 1.151 1.028 1.347 0.892 0.855 0.671 1.108 1.312 0.639 1.384 0.775 1.293 0.702 1.365 0.536 0.599 1.202 1.265 0.689 0.954 1.326 1.329 1.321 1.276 0.635 1.494 1.392 1.311 0.532 1.347 0.927 0.536 1.227 0.774 0.928 0.582 1.297 0.889 1.395 1.436 0.773 1.022 0.581 1.328 0.888 0.617 1.427 0.942 0.735 0.969 1.397 0.561 0.798 1.218 0.689 1.285 0.564 0.933 1.097 0.948 1.133 0.876 0.984 0.86 0.502 0.765 1.295 1.299 1.154 0.542 0.587 1.427 1.064 1.021 1.255 1.452 1.49 0.535 0.895 0.725 1.356 1.144 1.138 1.006 0.862 
1.327 0.792 1.278 0.761 0.741 0.726 1.394 1.117 0.563 0.754 1.471 0.828 0.549 1.27 0.834 0.591 0.709 0.761 0.508 1.23 0.869 1.46 1.221 1.256 1.207 0.798 1.464 1.203 1.437 0.97 0.917 1.264 0.614 0.695 0.877 0.855 1.274 0.771 0.824 1.337 1.378 0.795 1.017 1.427 0.917 1.351 0.871 1.479 0.964 0.879 1.209 0.685 1.191 1.282 1.441 1.251 0.933 1.405 1.306 0.87 1.228 0.724 0.986 1.342 1.271 1.364 0.698 1.045 0.635 1.374 1.234 0.865 0.67 0.751 0.793 1.439 0.602 0.516 1.418 1.067 1.247 1.48 1.252 1.29 0.614 0.546 1.393 1.047 0.803 1.2 0.769 0.883 0.776 1.256 0.726 0.547 1.472 1.276 1.445 0.959 
1.15 0.531 1.325 0.672 0.783 0.97 0.964 1.237 0.986 0.882 1.156 1.085 1.214 1.261 0.875 1.329 0.659 1.121 0.876 1.314 1.173 1.146 0.698 1.449 1.254 1.276 1.496 1.226 1.052 0.793 0.685 1.054 0.825 0.862 0.579 1.46 1.332 1.043 1.197 0.818 0.777 1.206 0.755 1.492 1.319 1.483 1.321 1.478 1.104 1.049 1.292 0.777 0.695 1.49 0.726 0.801 1.266 1.074 0.527 1.17 0.72 1.065 1.077 1.045 1.427 1.156 1.005 1.26 1.051 1.054 0.93 0.68 1.112 1.186 0.672 0.931 1.169 0.845 0.909 1.125 1.395 1.054 1.402 0.942 1.044 0.98 1.244 1.163 0.906 0.623 1.185 1.126 0.54 0.762 0.671 0.82 0.77 0.528 0.58 0.673 
1.435 1.362 0.854 1.047 1.048 1.378 1.479 1.069 1.076 1.24 0.694 0.971 0.794 0.948 0.765 0.691 0.78 0.861 0.706 1.187 0.985 1.391 0.813 1.377 1.006 1.337 0.697 0.628 0.717 1.129 1.154 0.652 0.992 0.86 0.552 0.892 0.738 0.883 0.814 0.666 0.623 1.008 1.137 1.27 0.809 0.755 0.813 1.089 1.116 1.019 1.128 0.953 1.262 0.794 0.831 0.768 0.983 1.38 1.249 1.2 1.01 0.903 0.705 0.502 1.263 1.109 1.246 0.853 1.492 0.56 1.02 0.967 1.421 1.009 1.089 0.73 1.264 1.402 0.671 1.233 1.273 1.3 1.038 1.036 0.946 1.369 0.656 1.429 0.602 1.405 1.481 1.112 1.16 0.686 1.466 0.923 0.647 1.212 0.629 0.991 
1.273 1.149 1.459 1.194 1.01 1.4 0.776 1.127 1.303 0.947 0.86 1.428 1.099 1.398 0.964 0.545 0.62 1.121 0.826 0.722 1.378 0.808 0.686 1.391 1.346 0.652 1.166 1.494 1.364 1.295 0.985 1.489 1.296 1.296 0.535 0.807 1.197 0.811 1.434 1.352 0.611 1.146 1.28 0.562 1.044 1.097 0.96 0.516 1.07 1.286 1.09 1.3 0.594 1.276 1.191 0.793 0.78 0.858 1.139 0.645 1.005 0.624 0.986 0.802 0.773 1.022 1.461 0.822 1.333 0.747 1.026 0.796 1.393 1.158 0.859 1.289 0.755 1.319 0.658 0.677 1.105 1.248 1.478 0.552 1.025 0.521 0.845 1.305 1.231 1.484 0.802 0.737 0.96 1.289 1.039 0.585 1.163 1.352 0.907 0.996 
0.599 0.785 1.293 1.492 1.444 1.004 0.633 1.051 0.823 0.791 1.229 1.428 0.54 0.559 0.832 1.417 0.58 0.529 0.574 1.312 0.865 1.229 0.901 1.326 1.37 1.44 1.411 1.033 0.644 1.171 0.881 0.743 1.456 1.026 1.087 0.752 0.53 1.22 1.304 0.853 0.864 1.385 1.134 0.904 1.444 1.466 1.173 0.876 1.496 1.247 1.04 0.861 0.976 1.441 1.039 0.846 0.733 1.303 0.731 0.877 1.326 1.113 1.472 0.634 0.639 1.059 0.887 1.022 1.132 0.691 1.375 1.496 0.928 1.009 1.252 0.872 1.328 0.925 0.6 0.676 1.024 1.493 1.389 0.501 1.434 1.281 1.199 1.02 1.084 0.783 1.397 1.262 1.396 0.722 1.396 0.887 0.633 0.783 1.409 1.265 
1.326 0.637 0.613 0.754 1.498 1.365 1.478 1.326 0.79 0.931 0.854 1.315 0.924 0.744 0.668 0.858 0.525 0.719 0.73 1.461 1.002 0.98 1.223 1.25 1.202 1.119 0.99 1.335 0.755 1.251 1.101 0.581 1.388 1.214 1.188 1.387 1.432 1.166 0.565 0.722 0.597 0.92 0.889 1.373 1.164 1.409 1.084 0.541 0.629 1.314 0.502 1.483 0.794 0.577 0.586 1.496 1.196 1.076 0.684 0.803 0.827 0.637 0.885 0.716 0.703 0.573 0.955 0.635 0.591 1.02 1.21 1.041 1.44 0.951 0.914 1.456 0.861 1.498 0.849 1.342 1.313 1.203 1.325 0.607 1.28 0.763 0.956 1.329 1.339 1.492 0.632 0.667 0.629 1.369 1.235 0.832 1.442 1.042 0.968 0.886 
0.562 1.03 1.427 0.855 1.481 1.193 1.163 0.842 1.192 0.513 1.036 1.357 1.216 1.214 0.816 1.349 1.477 0.624 1.178 1.317 0.616 0.662 0.836 0.745 0.532 0.923 1.078 0.826 1.465 0.898 1.212 0.527 1.428 1.491 1.234 0.761 1.185 0.898 1.104 1.229 1.263 0.64 1.086 0.979 0.706 0.754 1.18 0.684 0.879 0.858 0.501 0.995 1.021 1.189 1.241 1.053 0.612 1.171 0.731 0.929 0.921 1.444 1.308 1.201 0.787 1.043 1.462 0.824 0.793 1.418 0.905 0.556 0.911 1.491 1.387 1.117 1.098 1.068 1.301 1.477 0.778 0.654 0.972 1.299 1.343 1.065 1.204 0.807 1.088 0.788 1.236 0.509 1.084 1.397 1.21 1.371 0.94 1.173 1.048 0.585 
1.091 1.453 0.641 0.854 0.797 0.88 1.472 1.395 1.448 1.273 1.372 1.079 0.78 1.196 1.23 0.623 0.762 1.287 1.283 0.702 0.575 1.371 0.712 1.159 1.268 1.422 1.382 1.06 1.447 0.93 1.145 1.391 0.884 0.638 0.745 1.181 1.019 0.717 1.076 1.319 0.843 1.3 0.898 1.123 1.348 0.629 0.598 0.962 1.416 0.733 1.165 1.491 0.605 1.377 0.502 1.373 0.651 1.384 1.286 0.599 1.167 0.931 0.842 0.551 1.07 1.087 0.584 0.589 0.657 0.512 0.76 1.352 1.312 1.159 0.975 1.16 0.64 1.425 0.623 0.556 0.659 1.288 0.899 0.764 0.517 1.253 0.989 0.668 1.137 0.775 1.119 0.804 0.559 1.461 1.207 1.129 1.401 1.291 0.57 0.558 
1.303 0.83 1.41 1.467 0.841 1.237 1.48 0.981 0.514 0.955 1.037 0.673 1.095 0.788 1.289 1.112 0.541 0.779 1.28 0.531 1.406 1.252 1.187 1.465 1.213 0.895 1.094 1.114 1.038 0.516 0.524 1.194 1.199 0.786 0.513 0.54 0.875 1.493 1.022 0.89 0.948 0.911 1.415 0.543 1.2 1.205 0.507 0.593 1.484 1.288 0.624 0.742 1.392 1.312 0.708 1.105 1.059 0.654 1.072 0.949 0.671 1.448 0.643 1.37 1.087 1.009 0.762 1.462 1.002 1.284 1.204 0.803 0.696 1.12 1.198 1.396 0.825 1.206 0.841 1.161 1.346 0.966 1.403 1.238 1.13 0.963 1.195 1.041 1.118 0.767 0.842 0.641 1.068 1.338 0.863 0.655 0.847 1.125 0.969 1.349 
0.91 1.026 1.004 1.106 0.998 0.703 1.354 1.323 1.409 1.047 1.336 1.255 0.865 1.239 1.345 1.495 1.055 1.04 1.388 0.673 0.66 0.731 0.814 1.228 0.569 0.529 0.735 1.268 1.154 0.556 1.117 0.916 1.434 0.974 0.874 0.932 1.177 0.728 0.755 1.438 0.628 0.943 0.545 0.993 1.035 1.39 0.989 0.59 0.93 1.229 0.763 1.09 0.812 1.429 1.17 1.233 1.458 1.405 1.001 1.464 0.814 0.971 0.881 0.748 1.445 1.255 1.181 1.474 0.836 0.788 1.412 0.964 1.232 1.457 1.457 0.767 1.347 1.298 0.857 0.777 1.38 1.472 0.72 0.692 0.753 1.39 1.426 1.063 0.648 0.927 1.027 0.962 1.398 0.76 1.21 0.695 0.516 1.243 0.669 0.852 
0.532 0.581 0.668 0.616 0.89 0.977 0.883 1.089 0.776 0.592 1.367 1.008 0.916 0.939 1.2 1.169 0.829 1.126 0.732 0.977 0.906 0.611 1.439 1.156 0.872 0.502 1.352 0.888 1.245 0.521 0.592 0.629 0.955 1.112 0.745 0.697 0.589 1.128 1.287 1.217 0.572 0.506 0.725 0.988 0.945 1.426 1.009 1.274 1.404 0.593 1.104 1.162 0.705 1.043 0.819 1.429 1.397 1.023 1.169 1.495 1.396 1.261 0.624 1.203 1.225 0.87 1.401 1.314 0.85 1.188 1.384 1.275 1.194 0.609 0.763 0.639 0.887 0.625 0.765 0.792 0.718 1.369 0.806 1.275 1.265 1.477 1.204 1.162 1 0.873 0.509 0.897 0.986 0.634 0.6 0.711 1.356 0.853 0.878 0.706 
0.541 0.762 1.481 0.587 1.223 1.097 0.726 0.611 0.574 1.344 1.255 0.792 1.213 0.561 0.92 0.978 0.539 0.624 0.993 1.391 1.35 1.002 0.788 1.188 1.488 1.241 0.752 1.344 0.946 1.13 0.903 0.988 0.744 0.884 1.075 1.467 0.833 0.654 0.578 0.907 1.498 0.685 0.552 0.563 0.747 0.972 1.394 1.138 1.448 0.887 1.029 0.65 0.741 0.67 1.339 1.082 0.763 0.591 0.926 1.209 0.573 1.329 1.049 0.817 1.066 0.977 1.136 1.399 1.483 0.567 1.159 1.481 0.752 1.211 0.896 1.351 1.035 0.79 0.989 0.983 1.177 0.871 1.134 0.771 1.041 1.325 1.353 0.656 1.416 1.131 0.717 0.841 1.313 1.267 1.158 0.879 1.096 0.794 1.13 1.079 
1.213 0.789 1.412 1.466 0.852 0.808 1.317 1.387 1.099 1.159 1.223 1.128 0.53 1.209 1.399 1.423 1.034 0.604 0.931 1.302 1.236 1.148 0.643 1.049 1.267 0.653 0.78 0.863 1.299 1.41 1.442 1.013 1.052 1.354 1.331 0.756 0.663 1.148 0.996 0.614 1.159 0.719 1.242 1.189 0.78 1.494 1.464 0.666 0.598 0.895 0.82 0.686 0.544 0.963 0.587 1.311 1.468 0.867 0.675 0.619 1.13 0.969 1.132 1.034 0.824 0.963 1.29 1.339 0.964 1.138 1.453 0.623 0.709 0.547 0.665 0.989 0.541 0.629 1.155 0.992 1.377 1.475 1.178 1.421 1.29 1.266 0.584 0.61 0.985 1.111 0.73 0.615 0.581 0.714 1.149 1.257 0.53 1.292 1.096 0.994 
0.93 1.401 1.469 1.14 0.8 0.986 0.981 0.842 1.116 0.637 1.334 0.993 0.964 1.364 1.266 1.107 1.482 0.702 0.569 0.968 1.314 0.799 1.435 1.395 1.366 1.085 1.152 1.396 1.229 1.1 1.242 0.659 1.353 1.211 0.651 0.653 1.05 1.133 0.995 0.666 0.622 1.181 0.511 1.438 1.398 0.629 1.397 0.732 0.831 1.467 1.2 0.645 1.118 1.488 0.892 0.984 1.425 0.896 0.88 1.154 1.496 0.622 0.665 0.701 0.686 0.817 0.855 1.236 0.802 0.702 0.754 0.924 0.736 1.117 1.214 0.634 1.246 1.112 0.866 0.929 1.079 0.919 1.427 0.697 0.907 0.819 0.534 0.832 1.216 0.914 0.838 0.564 1.037 1.003 0.766 0.575 0.672 1.121 1.311 0.974 
0.675 0.565 0.75 0.911 1.182 1.465 1.397 1.28 1.077 0.764 0.709 1.008 0.535 0.636 0.557 1.294 1.308 0.591 0.978 1.024 1.006 1.316 1.44 0.895 0.819 0.706 0.97 0.992 0.679 1.133 0.818 1.207 0.55 1.069 0.618 0.584 1.034 0.516 1.364 0.963 1.132 0.925 1.471 0.519 1.414 0.88 1.313 1.222 0.972 0.791 1.098 0.83 0.607 1.39 1.225 1.278 0.949 1.047 1.122 1.128 0.68 1.441 0.835 1.082 1.362 1.306 1.166 1.248 1.322 1.382 0.711 1.306 1.159 1.034 1.325 1.073 1.414 1.138 1.147 1.238 1.429 1.097 0.568 0.888 0.988 1.293 1.018 1.437 1.192 0.641 1.065 0.724 0.934 0.753 1.306 0.796 0.911 0.972 0.544 0.733 
1.206 1.107 0.539 0.866 0.993 1.364 1.439 1.259 1.354 1.439 0.998 0.635 1.036 1.418 1.023 0.524 0.564 0.893 1.461 1.256 1.034 1.379 1.481 1.468 0.984 0.639 1.116 1.395 1.464 0.512 0.628 1.17 1.119 1.019 0.536 0.964 1.235 0.828 0.724 1.089 0.767 0.574 1.224 1.303 1.492 1.099 1.328 0.908 1.492 0.641 0.665 1.379 0.52 0.998 0.699 1.004 1.137 1.316 1.251 1.101 1.328 1.379 0.772 1.3 1.25 1.16 0.764 1.337 1.488 1.34 0.926 1.107 0.766 1.002 0.911 1.111 0.953 1.091 0.519 1.298 0.584 0.684 1.177 0.605 1.182 1.376 1.461 1.172 0.544 1.213 0.773 1.373 1.444 1.397 0.525 0.547 1.058 1.141 1.384 1.046 
0.982 1.163 1.006 1.248 1.017 1.417 0.859 1.471 1.36 0.879 0.621 1.444 1.415 0.65 0.901 1.45 0.878 0.863 1.122 0.923 0.928 1.395 1.148 1.224 0.645 1.173 1.271 1.203 0.814 1.156 1.101 0.648 1.171 0.607 0.749 0.688 0.876 1.46 1.011 1.088 1.191 1.132 1.033 1.107 1.282 0.786 1.057 0.661 0.501 1.031 1.436 0.929 1.278 1.084 1.006 1.423 1.109 0.777 1.126 0.775 0.785 1.08 0.924 1.456 1.187 0.525 0.645 0.916 1.485 0.508 0.504 1.177 1.141 1.389 0.784 1.275 0.676 0.693 1.436 1.029 0.576 0.724 1.459 1.354 1.308 1.317 0.63 1.269 0.594 0.608 0.545 0.88 1.188 1.321 1.188 1.228 1.346 0.685 0.644 1.331 
0.694 1 1.008 0.687 0.89 0.644 1.462 1.418 1.189 0.751 0.947 1.265 0.975 1.258 1.472 1.136 1.075 0.602 0.905 1.17 0.71 0.95 0.902 0.751 0.771 0.59 1.479 0.617 0.776 0.623 0.801 1.322 1.475 0.661 0.509 0.865 0.806 1.471 0.783 0.847 1.074 1.231 0.965 0.55 1.341 0.937 1.186 0.917 1.391 0.943 0.587 0.953 1.394 1.341 1.204 1.017 0.783 0.535 1.487 1.411 1.01 0.788 1.233 0.986 0.949 0.594 1.351 0.607 0.918 0.987 0.955 1.492 1.07 0.772 0.894 0.911 1.209 0.932 1.328 1.452 1.376 0.767 1.257 0.622 0.608 1.314 1.139 1.244 1.349 1.478 1.155 0.86 0.766 0.889 1.346 0.568 0.983 0.549 1.027 1.401 
1.036 0.834 0.746 0.606 1.106 1.14 1.018 1.167 0.573 1.198 1.119 0.801 1.466 1.229 0.923 0.926 1.043 0.562 1.022 0.892 0.541 0.678 1.252 1.159 1.067 1.45 0.579 0.902 0.5 1.459 1.156 1.036 0.793 1.402 1.495 1.4 1.394 1.365 1.067 0.819 1.415 1.039 1.12 1.381 0.768 0.543 1.16 0.663 0.958 0.682 1.055 0.999 1.212 1.16 1.01 1.131 1.11 1.442 0.534 1.462 1.401 0.542 0.999 0.694 0.796 1.346 0.946 0.69 0.563 0.514 1.01 1.478 1.405 0.63 0.712 1.025 1.026 0.724 1.188 1.484 0.906 0.743 1.335 0.971 0.755 1.197 0.602 1.366 1.139 0.988 1.328 1.04 1.03 1.179 0.587 1.326 1.377 1.033 0.869 1.44 
1.399 0.731 1.419 0.656 1.213 0.631 1.181 0.739 0.855 0.869 1.075 0.613 1.465 0.91 1.084 0.72 0.608 0.539 0.938 1.247 1.027 0.767 1.14 0.558 0.798 0.579 0.736 0.676 1.464 1.457 0.616 0.716 0.688 0.887 0.872 1.402 1.37 0.554 0.993 0.725 1.275 0.569 1.191 0.592 0.979 1.127 0.813 1.439 1.166 0.603 0.539 0.694 0.87 0.531 1.104 0.521 0.61 1.34 0.697 0.926 1.298 1.165 1.142 0.838 0.905 0.515 1.092 0.775 0.921 0.586 1.353 1.048 0.655 1.044 1.141 1.486 1.023 0.806 1.426 0.69 0.909 1.465 1.236 0.632 1.496 0.84 0.653 0.958 1.032 1.202 1.384 1.182 1.219 1.379 0.521 0.624 1.394 1.113 0.9 1.167 
1.199 0.753 0.715 0.706 0.649 1.356 1.045 1.172 1.014 1.323 0.714 1.424 0.64 1.45 0.556 0.988 1.142 1.061 1.446 0.675 0.763 0.682 1.357 1.482 0.561 1.378 0.607 0.807 1.344 1.359 0.826 1.395 0.964 1.042 0.602 1.465 1.25 1.499 1.489 0.765 1.322 0.704 1.041 1.462 1.006 1.097 0.95 1.001 0.658 0.896 1.176 1.273 1.43 1.385 1.255 0.844 0.616 0.714 0.503 1.46 0.925 0.83 1.355 1.389 0.724 0.809 0.706 0.826 0.808 0.696 1.091 0.63 1.252 0.984 0.592 1.11 0.933 1.394 0.611 1.091 0.79 0.639 1.216 1.073 0.525 0.972 1.417 0.993 0.538 1.42 0.953 0.964 1.102 1.16 1.205 1.326 0.822 1.412 0.653 1.482 
0.608 0.596 0.965 0.712 1.081 1.409 1.322 0.514 1.304 1.434 1.458 0.946 0.573 0.526 0.519 0.95 0.998 0.788 1.443 1.389 0.709 1.248 0.853 0.663 1.261 0.91 1.49 0.935 0.822 0.643 0.917 1.282 1.091 1.382 1.494 1.024 1.292 0.669 1.039 1.096 0.603 1.349 0.542 1.028 1.375 0.914 0.831 1.226 1.202 0.774 1.467 0.763 0.875 0.82 0.927 0.636 0.582 0.917 1.071 0.905 1.412 0.84 1.039 1.355 0.723 1.386 0.88 0.515 0.555 0.771 1.463 1.01 0.972 0.857 0.538 0.847 1.271 0.869 0.925 0.974 1.496 0.892 1.237 0.871 0.564 1.016 1.359 0.647 0.785 1.282 1.404 1.049 0.622 1.295 0.905 1.197 1.181 1.285 0.564 0.588 
0.556 0.527 1.098 1.028 0.885 1.137 0.727 0.656 0.858 0.505 1.482 1.206 0.897 0.572 0.577 1.314 1.088 0.788 0.813 1.374 0.922 1.069 0.923 1.045 0.864 1.328 1.094 0.898 1.465 1.159 0.986 0.873 0.538 0.585 0.753 0.923 0.574 0.981 1.432 1.284 1.338 0.766 0.991 0.735 0.838 1.068 0.901 1.427 0.709 1.214 0.653 1.131 0.783 1.428 1.028 0.5 0.609 0.623 0.898 0.574 0.634 1.384 0.948 0.672 0.821 1.201 1.448 0.895 1.034 0.732 0.68 0.872 0.998 0.523 1.46 0.689 1.443 1.213 0.968 0.652 0.928 1.121 0.636 0.563 1.401 1.164 0.563 0.51 0.639 1.313 0.937 0.773 1.198 0.737 1.298 0.871 0.79 0.598 0.619 1.325 
0.83 1.151 1.049 0.68 1.174 1.361 0.869 1.117 1.075 1.337 1.27 0.503 1.31 1.406 0.918 1.212 1.422 1.334 1.222 0.562 1.147 0.659 1.187 0.845 0.896 0.985 0.569 1.187 1.083 0.688 1.364 0.765 1.339 1.265 0.946 1.013 1.127 0.667 0.982 0.702 0.505 0.752 1.057 1.315 1.01 1.475 1.379 1.285 1.309 1.454 0.699 0.957 0.613 1.386 0.654 1.362 1.224 1.075 1.401 1.159 1.263 0.617 1.425 1.102 1.382 1.223 0.967 1.361 1.39 1.45 0.563 0.747 1.054 1.472 0.915 0.917 1.448 0.794 0.702 0.609 0.748 0.901 1.418 1.214 1.139 0.925 1.428 0.863 0.5 0.681 0.875 0.616 0.798 1.152 1.218 1.032 0.875 1.038 0.894 1.117 
1.34 1.309 0.717 0.894 1.282 1.132 0.663 0.582 0.778 0.865 1.043 1.379 0.618 0.962 1.093 1.258 0.739 1.373 0.973 0.739 0.554 1.348 1.207 1.204 1 1.278 1.088 1.375 0.816 0.834 1.345 0.656 0.644 0.562 1.402 0.778 0.546 0.566 1.212 0.824 1.283 0.755 1.055 1.402 0.569 1 1.16 0.808 0.873 0.633 1.4 1.279 0.834 1.107 1.335 1.334 0.885 0.924 0.562 0.553 0.61 1.407 1.061 1.106 0.821 0.964 1.384 0.867 1.382 1.096 0.543 1.165 1.352 1.451 1.067 1.421 0.951 1.079 1.082 0.677 0.565 0.982 1.456 0.899 0.941 0.644 0.733 1.327 1.42 0.795 0.732 0.53 1.054 1.294 1.137 1.375 0.758 1.373 1.094 0.992 
0.97 1.49 0.657 1.174 0.793 0.577 1.447 1.244 1.156 1.381 1.421 0.573 0.863 0.73 0.972 0.657 0.874 0.558 0.836 0.794 1.205 1.068 1.176 0.76 0.862 0.813 0.987 1.472 0.687 0.934 0.964 0.509 1.276 1.122 0.535 0.569 0.551 1.482 0.665 1.207 1.364 0.587 0.633 1.079 1.169 1.457 0.588 0.543 0.515 0.924 1.189 0.573 0.845 0.865 1.185 1.207 0.531 1.024 0.532 1.07 0.81 0.996 1.079 0.586 0.97 1.114 1.007 1.021 1.448 1.173 1.081 0.664 0.612 0.566 0.596 1.281 0.523 0.684 0.676 0.891 1.461 1.365 0.964 0.806 1.082 0.649 0.865 1.113 1.173 0.897 0.683 0.836 0.746 0.614 0.922 0.568 0.58 0.782 1.442 0.881 
0.807 1.023 1.045 0.919 1.441 1.493 1.052 1.464 1.03 1.228 0.855 0.991 1.445 0.671 0.649 1.027 1.172 1.014 0.993 1.198 1.412 0.528 0.534 1.01 0.643 1.308 1.078 0.723 0.59 1.02 1.104 0.897 0.895 1.002 0.668 0.836 0.995 1.22 1.153 0.525 0.948 0.508 1.368 0.893 1.032 0.517 0.773 0.704 1.032 1.266 1.402 1.296 1.294 1.436 0.806 0.789 1.245 0.736 1.365 0.687 1.257 1.321 1.437 1.004 0.823 0.605 1.341 0.671 1.326 0.994 1.048 1.126 1.354 0.917 0.872 0.886 0.934 1.145 1.443 0.818 1.263 1.345 0.614 1.409 0.634 1.272 0.699 0.731 0.509 0.916 0.918 0.618 0.737 0.855 1.122 1.061 1.313 1.315 0.584 1.139 
0.809 1.132 0.765 1.016 0.901 1.137 0.754 1.336 1.134 0.697 1.006 0.897 0.543 1.473 1.159 1.029 1.245 1.358 0.612 0.606 1.126 1.03 1.076 1.363 0.738 1.051 1.276 0.551 0.866 1.36 0.542 0.528 1.345 1.159 1.044 0.746 0.797 1.298 0.934 0.783 0.848 1.441 1.181 1.243 1.414 0.84 0.772 0.511 1.05 0.884 0.97 0.676 0.766 0.898 0.891 1.356 1.449 0.668 0.759 0.816 0.88 0.801 1.196 0.725 1.461 1.092 1.324 1.11 0.89 0.758 1.393 1.238 1.051 1.426 0.981 1.317 1.118 0.605 1.329 1.02 1.341 1.151 0.548 0.608 0.549 0.94 0.816 1.499 1.46 1.076 1.167 1.192 1.377 1.215 1.418 0.69 0.807 0.594 0.652 0.549 
0.852 0.898 1.288 1.404 0.824 1.121 0.573 0.795 0.579 0.754 0.667 1.42 1.405 1.068 0.88 0.807 0.86 1.197 1.158 0.82 0.773 1.177 0.512 1.002 0.892 0.782 0.545 1.199 0.876 0.697 1.248 0.581 1.095 1.388 0.837 0.772 1.362 0.91 1.419 1.441 1.165 0.938 0.713 1.07 0.506 1.446 0.729 0.866 1.143 1.387 1.186 0.768 1.064 0.551 0.622 1.456 1.185 0.667 0.507 0.562 1.217 1.256 0.643 1.164 1.144 1.332 0.788 1.358 0.742 0.707 0.651 1.407 1.498 0.865 1.33 0.504 0.811 0.559 0.871 0.806 1.447 0.909 1.074 1.363 0.96 1.196 0.672 0.998 0.716 0.679 1.06 1.433 0.787 0.555 1.449 1.432 1.387 0.738 0.642 0.981 
1.297 0.794 0.889 1.295 1.159 1.071 1.3 0.822 1.13 1.023 1.128 1.429 1.432 1.054 0.645 1.245 1.102 0.817 0.743 1.318 1.348 0.655 0.603 0.636 1.062 0.553 0.92 1.301 1.143 1.062 0.782 0.94 1.356 0.523 0.736 1.367 1.094 0.888 0.689 1.077 1.411 0.669 1.358 0.695 1.223 0.855 0.792 0.826 1.172 1.035 0.996 1.021 0.542 1.452 0.509 1.104 0.505 0.929 0.905 1.148 1.491 0.54 0.588 0.7 0.915 1.176 0.567 0.51 0.916 1.109 1.439 1.179 1.278 0.649 1.375 1.354 1.005 0.667 1.032 0.677 0.555 0.88 0.55 0.597 0.832 0.559 0.554 0.837 1.34 1.311 0.837 1.332 1.351 1.278 0.532 0.767 1.306 0.951 1.129 0.723 
0.56 1.068 1.402 0.691 0.569 0.629 0.897 1.074 0.797 1.429 0.604 0.852 0.809 0.654 1.301 1.142 1.066 1.355 0.831 0.906 1.167 1.169 1.09 1.37 1.299 1.474 0.637 1.105 0.926 0.618 1.328 1.338 0.538 0.583 0.881 0.608 0.712 1.278 1.182 1.009 0.559 1.286 0.713 1.221 0.793 0.515 1.215 1.359 0.722 0.898 1.117 0.741 0.919 0.708 0.612 0.718 0.682 1.101 1.324 1.46 1.22 0.504 0.651 1.258 0.587 1.032 0.718 0.8 1.163 1.401 0.661 0.574 1.187 0.875 0.647 0.832 1.242 1.362 0.691 0.816 1.113 1.309 1.058 0.532 0.869 0.522 0.751 1.403 1.123 0.927 1.364 0.843 0.931 0.867 0.954 1.371 1.399 1.172 1.023 1.414 
1.425 1.184 1.489 1.465 0.911 0.988 0.797 1.005 0.851 0.989 0.674 1.464 1.15 1.232 0.848 0.871 1.254 1.099 0.774 1.229 0.878 0.99 0.925 0.662 1.357 1.379 0.533 0.609 1.403 1.056 0.875 1.329 1.092 1.216 0.646 0.504 0.705 0.943 1.361 1.056 0.784 0.535 1.372 0.786 0.619 0.72 1.157 1.373 0.672 0.784 1.455 1.05 0.626 0.88 0.564 1.484 1.111 0.597 0.945 1.014 0.505 1.32 1.195 1.45 1.037 1.341 0.806 0.594 1.137 0.667 0.502 1.421 1.055 1.374 0.708 1.174 0.946 0.717 1.4 1.47 1.001 1.355 1.373 1.128 0.735 1.437 1.464 1.346 0.887 1.261 1.212 0.892 1.081 1.26 1.194 0.97 1.101 0.5 1.416 1.09 
1.02 1.418 1.012 0.575 0.644 0.572 1.249 1.091 1.141 1.149 1.061 0.995 1.356 0.934 0.975 0.591 1.224 1.291 0.789 0.611 1.052 0.502 1.355 0.985 1.262 1.05 0.808 1.215 1.05 0.724 0.806 0.922 0.643 0.67 0.997 0.787 1.094 1.099 0.73 0.735 1.1 0.644 0.582 0.957 1.43 1.057 1.4 1.154 0.848 0.69 1.265 0.752 1.044 1.121 1.238 1.158 1.023 0.546 0.873 0.573 0.77 0.531 0.996 1.265 1.053 0.845 0.905 0.999 1.444 1.135 0.587 1.045 1.279 0.669 0.854 0.562 1.227 0.754 1.216 0.927 1.296 0.982 1.18 1.192 0.955 1.27 0.85 1.478 1.316 0.576 0.903 0.938 0.959 0.751 0.704 0.513 1.097 1.109 1.364 1.393 
1.096 1.451 1.29 1.228 0.621 0.644 1.29 0.7 1.251 1.006 1.479 1.047 0.84 0.511 1.092 1.295 1.281 1.442 0.625 1.097 0.518 1.029 0.888 1.33 0.632 1.092 0.695 0.581 1.053 0.559 1.475 0.649 0.511 1.265 1.377 0.984 0.762 1.167 1.184 0.513 1.026 1.163 1.412 1.366 1.175 1.004 0.514 1.308 1.299 0.991 0.906 0.669 0.52 1.294 1.499 1.005 1.238 0.694 1.086 0.791 0.754 1.061 1.292 1.117 1.179 0.522 0.601 1.441 1.189 1.285 0.806 1.067 1.3 1.07 1.286 1.327 0.927 1.3 1.136 0.726 0.791 0.894 0.895 1.164 1.04 1.247 0.669 0.778 1.441 1.255 1.421 1.047 1.169 1.213 1.016 0.848 1.235 1.117 1.141 1.277 
1.254 0.799 1.196 1.407 1.369 0.982 0.586 0.796 1.134 1.222 1.374 0.778 0.968 1.122 0.794 0.508 0.869 0.963 0.786 1.162 1.07 1.059 1.062 1.091 1.125 0.578 1.439 1.212 0.548 1.432 0.989 0.654 0.731 0.686 0.561 0.953 0.52 0.648 1.249 1.155 0.722 1.476 1.433 1.191 1.098 0.727 1.199 0.819 0.542 0.838 0.833 1.464 0.749 0.747 1.056 1.374 0.826 1.347 1.087 1.226 1.28 0.928 1.38 0.511 1.466 1.442 0.964 1.487 0.942 1.066 1.142 1.164 1.394 1.427 1.207 1.344 1.006 1.259 0.663 1.048 0.597 1.348 1.012 1.198 0.596 0.92 1.073 0.922 0.768 0.66 1 0.548 1.44 0.88 0.911 1.407 1.174 0.728 1.394 0.968 
1.294 1.388 0.633 1.188 1.315 0.692 1.032 1.173 1.451 0.547 0.721 0.9 1.395 0.585 0.599 1.491 1.358 1.172 1.265 0.626 0.684 0.765 1.026 0.624 1.498 1.437 0.531 0.524 0.665 0.777 0.993 0.811 0.665 1.478 0.851 0.832 0.67 0.735 0.505 0.622 0.782 1.078 1.374 1.03 0.516 1.473 1.021 1.374 1.145 1.139 0.852 0.681 0.756 1.378 0.806 1.106 1.315 1.189 1.131 0.833 1.467 0.976 1.144 0.984 1.306 1.496 0.669 0.828 0.731 0.674 1.302 1.366 0.605 1.177 0.896 0.973 1.15 1.417 1.199 0.796 1.408 0.551 1.329 0.665 1.429 0.635 1.271 0.596 1.325 1.254 0.929 0.644 0.73 0.926 1.128 0.888 0.922 1.297 1.217 0.505 
0.824 1.019 1.371 1.281 0.696 0.767 0.754 1.347 1.037 1.453 0.995 0.945 0.504 0.824 1.462 0.785 1.312 0.586 0.881 1.489 1.34 0.663 0.633 0.923 1.089 0.613 1.311 0.863 1.411 1.028 0.868 1.087 0.548 0.74 0.868 1.096 1.359 1.474 1.295 1.248 0.779 0.79 1.046 1.135 1.467 1.008 1.42 1.279 1.094 1.153 1.268 1.287 1.316 0.753 0.71 1.257 0.866 0.521 0.62 1.129 1.402 1.341 1.068 0.802 0.933 1.436 1.398 0.792 0.762 0.546 0.893 1.041 0.836 1.439 0.676 1.155 1.299 0.596 0.934 1.246 0.602 1.054 1.033 0.77 0.659 1.243 0.528 1.026 0.616 1 1.007 0.87 0.841 0.576 1.172 0.626 0.864 1.423 1.271 1.127 
1.469 0.664 1.02 1.157 0.603 1.197 0.813 0.754 0.645 0.599 0.5 1.099 0.506 1.033 1.37 0.665 1.128 0.75 0.543 0.597 0.602 1.051 0.967 0.944 1.479 0.992 1.422 1.195 1.267 1.193 0.822 0.588 1.357 0.695 1.245 0.812 1.392 0.91 1.067 0.889 1.01 1.067 1.489 1.368 0.953 0.711 0.885 0.933 0.961 0.929 1.03 1.063 0.832 0.85 0.859 1.163 1.342 0.782 0.858 1.461 1.475 0.533 0.549 0.685 0.728 1.294 1.349 0.972 1.057 0.916 1.361 0.919 0.836 0.702 0.787 1.289 0.913 1.172 0.722 1.374 0.953 0.605 1.29 0.637 0.955 0.649 1.3 1.149 1.283 0.659 1.11 0.611 0.692 1.159 0.796 0.92 1.305 0.645 1.392 0.862 
1.414 0.605 1.281 0.75 0.808 0.92 0.891 1.221 0.945 1.465 1.448 1.398 0.922 1.238 0.536 1.377 0.739 0.688 1.378 0.523 0.847 0.988 0.634 1.391 0.999 1.282 1.163 1.157 0.779 1.055 0.519 0.693 0.513 0.653 1.295 0.821 1.425 1.038 0.894 0.87 1.004 1.194 0.769 0.778 1.284 1.157 0.656 0.524 1.345 0.886 0.899 1.045 0.727 1.033 0.936 1.226 1.167 0.6 0.883 1.446 0.507 1.255 0.64 0.52 0.76 1.435 1.193 0.685 0.974 0.94 1.408 0.83 0.986 0.677 1.108 0.771 0.686 0.616 0.795 0.531 1.003 1.194 1.428 1.23 1.079 0.865 1.308 0.746 1.317 1.044 1.044 1.324 1.151 1.184 0.697 0.763 1.472 1.39 0.948 1.298 
1.182 1.208 0.628 0.669 1.385 0.588 0.94 0.923 1.057 0.587 1.307 0.56 0.633 1.235 0.642 0.564 0.6 1.45 1.162 0.769 1.346 0.706 0.594 0.997 1.391 0.791 1.26 0.715 1.033 1.061 0.513 1.068 0.769 0.993 1.237 1.007 1.081 1.029 1.43 0.638 1.116 1.237 1.05 0.601 1.325 1.192 0.665 0.777 1.495 1.327 1.047 1.341 0.533 1.141 1.191 0.776 0.784 0.951 0.991 0.669 0.864 1.356 1.237 1.134 0.849 1.326 0.993 1.431 0.855 0.923 0.921 0.823 1.013 1.472 0.924 0.838 0.516 1.441 1.115 0.863 0.62 1.014 0.705 1.006 0.655 1.396 1.282 1.291 1.199 1.126 1.461 0.564 0.982 0.55 0.55 1.332 1.377 1.043 0.615 1.084 
0.818 1.388 1.408 0.683 0.712 1.184 1.021 0.729 1.478 0.989 1.444 0.598 0.503 0.649 1.104 1.011 0.897 0.887 1.154 0.949 0.865 1.467 1.365 0.699 0.518 0.767 0.883 0.747 1.31 0.998 1.331 0.98 1.239 0.591 1.164 1.451 0.628 1.037 1.032 0.606 0.878 0.977 0.704 1.234 1.478 1.309 0.745 1.228 1.048 0.751 0.677 0.765 0.719 0.894 0.964 1.089 1.161 1.348 0.688 1.323 1.198 0.871 1.155 0.937 1.315 0.819 0.889 1.443 0.709 0.773 0.549 1.087 1.25 1.105 0.821 1.229 1.266 1.418 1.309 0.814 1.022 0.838 1.431 0.593 1.232 0.896 1.182 1.245 1.096 0.722 1.068 0.794 1.093 1.075 0.584 0.908 0.747 1.325 0.851 0.956 
0.598 1.252 0.895 1.349 0.858 1.217 1.43 0.976 1.487 1.239 1.291 1.009 0.577 0.574 1.102 0.661 0.97 1.136 1.406 0.918 1.358 1.326 1.213 1.304 0.901 0.649 1.064 1.148 1.474 0.768 0.956 0.924 0.52 1.352 1.125 1.23 1.421 1.055 0.707 1.408 1.146 0.85 1.27 0.575 0.924 1.224 1.088 0.747 1.213 1.346 1.165 1.423 1.172 1.23 1.227 0.926 0.731 1.144 0.926 0.705 1.412 0.735 1.13 0.784 0.587 1.107 0.515 0.86 0.663 1.074 1.12 0.661 0.776 0.89 1.089 0.552 0.967 0.677 1.151 0.68 0.524 1.169 0.955 0.548 0.899 1.035 1.326 1.483 0.679 1.105 0.688 0.591 1.34 0.67 0.875 1.427 1.278 1.242 0.787 0.793 
1.168 0.759 1.306 0.796 1.15 1.247 0.849 0.969 0.777 0.5 0.501 1.153 1.169 0.956 1.201 0.921 1.491 1.38 0.904 1.022 0.985 1.444 1.113 0.825 0.967 0.841 1.104 1.097 0.935 0.743 1.39 0.604 1.002 0.548 0.9 1.004 1.296 0.601 1.473 0.925 0.602 0.826 0.578 0.623 1.283 0.631 1.396 0.626 0.511 0.8 1.149 0.996 1.097 1.114 0.673 0.564 0.807 1.277 1.161 1.243 0.872 1.403 0.699 1.375 0.803 1.099 1.231 0.951 1.201 0.557 1.376 0.655 0.883 1.454 1.13 0.666 0.586 1.027 1.145 0.949 0.679 1.146 0.798 1.276 0.76 0.971 0.692 1.42 1.101 1.353 1.163 1.473 0.608 1.362 0.7 1.264 1.313 0.784 0.715 1.366 
0.841 0.944 0.521 1.224 0.898 0.504 0.743 1.336 1.031 1.388 0.786 1.21 1.034 1.084 1.339 0.646 0.907 0.531 0.566 0.508 0.737 0.581 0.834 0.845 0.795 1.386 0.609 0.609 0.67 1.177 1.475 1.011 0.621 0.849 1.088 1.371 0.853 1.331 1.208 1.384 1.219 0.846 1.446 1.105 0.782 1.285 0.603 1.189 1.317 1.022 0.55 0.554 1.455 1.236 1.251 0.751 1.122 0.713 0.86 0.645 1.39 1.187 1.156 0.511 0.536 1.096 1.382 1.241 0.927 1.442 1.477 0.998 1.14 1.424 0.955 1.422 0.561 1.059 1.464 1.378 0.933 0.514 0.784 0.888 1.25 0.536 1.491 1.224 0.749 1.203 1.369 0.991 0.891 1.378 1.002 1.279 0.974 1.236 1.021 1.402 
0.531 1.35 1.252 1.171 1.274 0.708 1.094 0.688 0.619 1.41 0.566 1.052 1.424 1.203 0.792 0.526 1.239 0.784 0.602 0.84 1.487 1.472 1.331 1.23 0.702 1.185 1.01 0.528 1.273 0.883 1.43 1.304 0.733 0.535 0.976 0.86 0.743 0.922 1.048 0.862 0.832 1.466 0.766 1.108 1.169 1.41 1.134 1.26 1.046 0.588 0.6 1.386 0.912 0.783 1.116 1.114 1.468 0.978 1.143 1.242 1.361 1.425 1.046 0.947 1.46 0.874 1.307 1.055 1.296 1.207 0.769 0.628 1.173 1.035 1.236 0.843 0.946 1.222 0.603 1.492 1.311 1.056 1.378 1.075 1.339 1.347 0.69 1.308 0.825 0.685 1.402 0.687 0.962 1.3 1.486 0.923 0.675 1.293 0.83 1.471 
1 1.1 0.952 1.025 0.635 1.04 0.72 1.433 1.115 1.176 0.778 1.278 0.732 1.008 0.853 0.923 0.855 1.395 1.083 1.181 0.58 0.985 0.72 1.043 0.786 1.058 0.818 0.961 0.851 1.148 1.284 0.703 0.748 1.088 0.58 1.236 0.629 0.801 0.521 0.596 1.477 0.799 1.374 1.061 1.308 1.079 1.484 1.015 0.975 1.068 1.048 1.407 0.905 0.62 0.95 1.191 1.178 1.268 1.004 0.529 1.269 1.141 1.084 0.869 0.729 1.165 0.605 1.21 1.466 0.627 0.658 0.795 1.278 0.532 1.356 1.086 1.464 1.34 0.954 0.939 1.26 0.502 0.846 0.666 0.623 0.649 0.709 1.301 0.769 1.214 0.683 0.538 1.207 0.619 0.908 1.436 0.636 1.365 1.499 0.954 
0.844 0.657 1.249 0.623 1.042 1.105 0.561 1.006 1.298 1.015 0.797 1.058 1.37 1.495 1.224 0.845 0.644 1.434 0.998 1.266 0.5 0.533 0.656 1.207 0.653 1.064 1.495 0.789 1.282 0.846 0.596 0.978 1.004 1.345 1.101 0.898 0.951 0.515 0.756 1.101 1.382 1.405 0.659 1.252 1.4 0.736 0.949 0.897 0.67 1.448 0.663 1.022 1.481 0.819 1.081 0.986 0.736 1.076 0.628 0.87 1.423 0.724 1.348 1.279 0.921 1.302 0.677 1.372 1.317 1.285 1.325 1.199 1.19 1.485 1.304 1.09 0.721 1.105 0.839 1.243 1.053 1.002 1.117 1.387 0.674 0.698 1.225 1.262 1.274 1.353 0.632 0.549 0.929 0.832 0.68 1.351 0.634 0.857 0.575 0.803 
0.994 1.401 0.503 0.684 0.738 0.659 1.275 0.959 0.616 0.966 1.054 1.17 1.469 0.671 1.409 0.995 1.221 1.134 0.757 0.995 1.34 1.241 1.397 0.769 0.573 0.577 0.62 0.708 1.287 0.696 1.011 0.781 0.949 1.366 0.966 1.187 0.877 1.093 0.998 0.994 0.559 0.552 1.016 0.88 1.075 0.925 1.375 0.796 0.911 0.984 0.643 0.751 0.725 0.892 1.021 1.151 0.97 1.493 0.711 1.109 0.689 0.574 1.39 1.49 0.793 1.208 1.177 0.522 1.153 0.675 1.016 1.213 1.079 0.884 0.945 0.654 0.661 0.821 1.302 1.425 0.657 0.798 0.676 1.235 1.19 0.549 0.886 1.012 0.543 1.449 0.621 1.084 0.523 0.864 1.075 0.816 0.572 0.752 1.191 1.226 
1.28 1.059 1.291 0.859 1.444 0.736 1.014 0.957 1.409 1.168 0.882 0.567 1.466 1.059 0.654 1.157 1.46 1.04 0.669 0.503 1.341 1.143 1.44 1.364 0.507 1.015 1.033 0.931 0.619 0.724 1.009 1.399 1.283 0.8 0.759 0.579 1.389 0.625 1.037 1.298 1.293 1.419 0.717 0.612 1.33 0.871 1.269 0.643 0.763 0.79 0.646 0.604 0.785 0.938 0.821 0.792 1.453 1.354 1.224 0.925 0.93 1.085 1.176 0.713 1.386 1.435 1.145 1.275 0.912 0.682 1.425 1.058 0.953 0.643 1.17 1.136 1.366 1.291 1.279 0.63 0.933 0.777 1.086 1.219 1.216 1.407 0.511 0.521 1.261 0.587 1.298 1.043 1.173 0.975 0.609 1.411 1.262 1.254 0.538 0.675 
0.788 0.815 1.233 1.241 1.31 1.255 1.229 1.177 1.046 1.36 0.659 1.479 0.638 1.245 1.198 0.706 1.153 0.562 0.727 1.266 1.001 0.526 0.81 1.026 1.001 1.271 0.937 0.763 1.025 1.327 1.29 1.313 0.643 1.023 1.406 1.453 0.778 1.136 1.482 0.676 0.996 0.641 0.656 1.486 1.387 0.706 0.692 1.392 1.12 0.92 0.51 0.622 1.298 1.172 1.148 1.151 0.943 0.938 1.414 1.468 1.117 0.557 0.633 0.612 1.432 0.54 0.566 0.711 1.176 0.9 1.239 1.024 1.042 1.395 1.011 1.281 0.954 1.203 0.525 0.574 0.975 0.535 0.696 0.773 0.56 0.697 1.424 1.355 1.487 0.691 1.324 1.104 1.1 0.809 1.217 1.032 0.849 0.635 0.595 0.877 
1.387 1.335 1.402 0.929 1.23 1.265 1.062 1.036 1.32 1.087 1.111 0.796 1.475 0.659 1.421 0.887 1.208 1.346 0.742 1.195 0.889 0.918 1.152 1.489 1.228 1.221 1.021 0.929 0.708 1.117 1.307 0.595 0.952 0.561 1.377 1.034 0.678 0.939 0.923 1.498 0.879 0.534 0.794 1.206 1.045 0.716 0.593 0.754 0.914 1.187 0.801 0.655 0.606 0.805 0.996 0.686 0.526 0.517 1.115 0.734 1.486 1.274 0.83 1.29 1.335 0.707 1.177 0.513 1.498 0.6 0.864 0.877 0.986 1.158 0.935 0.883 0.726 1.028 1.489 1.492 0.716 1.143 0.647 1.174 1.448 1.143 1.36 1.475 0.513 1.327 1.061 0.851 1.102 0.743 0.642 1.289 1.302 0.671 0.655 1.301 
1.123 1.019 1.03 0.961 1.029 1.466 1.344 1.256 1.346 0.686 1.248 0.914 1.329 0.748 0.94 1.277 1.391 0.8 0.604 0.756 0.98 0.518 1.108 0.582 1.113 0.602 0.723 0.916 1.125 0.878 1.069 0.748 1.397 0.599 1.209 0.927 0.917 1.405 1.035 1.116 0.943 0.783 0.53 0.772 1.383 0.971 0.902 1.275 0.623 1.358 0.883 1.103 1.376 1.491 0.537 1.342 0.945 0.761 0.758 0.57 1.491 1.327 1.17 0.741 0.778 1.231 1.168 0.548 1.489 1.055 1.164 0.932 0.69 0.546 1.205 0.574 1.017 0.959 0.701 1.493 1.169 1.084 1.448 1.046 1.428 1.486 1.24 0.873 1.099 1.498 1.296 1.442 0.677 0.966 0.683 0.955 0.698 0.703 1.355 1.039 
