1 2 3 4 7 6 8 12 10 10 18 15 19 24 20 21 22 30 28 32 38 35 35 32 47 36 52 46 34 57 32 48 52 40 55 65 58 61 45 53 53 82 83 77 65 55 53 59 61 94 70 83 58 60 94 83 105 90 114 107 74 96 67 98 76 129 89 131 110 114 113 118 86 77 148 149 95 147 137 107 103 99 100 126 135 110 145 135 164 107 179 162 124 145 173 175 170 189 143 151 185 
2 2 4 5 8 7 8 14 9 11 18 20 20 15 24 23 17 32 23 31 27 30 24 30 34 36 29 45 43 45 55 51 49 42 38 48 52 41 55 46 49 68 63 66 86 79 61 61 66 79 56 90 78 82 69 66 98 67 83 118 111 77 118 116 76 69 120 112 127 82 132 141 93 129 124 143 134 97 106 88 156 149 161 153 156 92 152 121 93 113 165 128 129 177 126 155 150 119 165 146 153 
4 3 4 4 8 8 7 13 14 18 19 17 23 20 18 22 17 22 21 24 28 41 30 29 41 31 36 36 48 44 53 51 54 55 58 53 46 55 43 47 51 45 46 69 88 69 68 93 49 80 98 60 73 99 105 60 76 83 78 98 93 104 68 100 105 122 97 91 79 137 92 111 119 101 113 84 102 121 148 101 160 90 136 116 122 122 161 171 125 92 168 181 173 125 143 134 141 157 153 111 197 
4 5 6 8 7 6 7 12 15 10 12 12 16 14 23 19 20 18 19 24 34 23 39 35 27 32 43 31 51 57 32 56 36 49 58 60 40 45 71 76 58 42 47 53 82 52 87 68 76 55 81 99 85 74 63 99 61 63 76 110 105 120 105 125 103 74 102 75 81 81 123 137 139 77 99 116 126 117 100 105 135 123 124 97 142 129 94 160 128 124 130 137 119 153 126 152 179 147 156 120 149 
8 6 7 9 9 10 9 9 9 17 19 12 24 23 28 28 23 26 26 37 21 39 27 34 33 36 27 50 36 48 34 50 57 48 64 56 62 46 57 42 64 49 64 65 60 54 56 65 67 62 86 59 77 77 75 88 82 87 93 98 76 94 68 64 70 118 97 85 116 86 126 92 118 138 102 105 101 118 105 97 131 120 156 111 92 100 107 156 122 93 166 138 177 139 126 134 147 123 160 174 145 
10 7 9 8 8 13 11 13 18 17 21 20 22 23 25 18 19 26 30 28 29 26 39 39 42 32 29 28 49 37 40 34 55 62 49 45 48 50 68 77 47 68 79 57 62 75 70 78 93 58 61 67 83 83 105 66 91 59 115 103 66 75 82 71 111 87 90 124 112 101 85 140 121 145 124 131 149 130 140 148 102 84 109 120 142 130 159 133 139 111 101 167 142 149 125 102 178 99 144 172 197 
9 10 7 12 10 12 10 11 15 14 13 24 20 21 17 18 26 21 31 30 27 32 41 39 33 39 50 46 56 57 51 42 37 58 55 44 44 65 49 42 65 72 66 70 87 68 51 57 68 62 60 87 76 58 100 65 72 103 93 83 110 118 83 73 95 75 86 72 107 75 124 124 73 78 131 94 128 119 150 132 105 127 111 84 111 170 119 162 119 152 154 148 95 170 142 106 105 189 108 135 149 
8 11 8 13 15 12 15 12 11 20 15 15 23 25 25 24 25 33 27 25 40 42 34 45 43 49 36 43 32 39 52 38 43 41 63 53 55 67 59 70 77 43 63 73 47 87 60 51 63 91 73 85 63 67 85 70 85 73 95 110 96 81 89 90 90 122 130 104 123 89 129 105 84 111 135 105 108 79 88 89 108 120 154 138 88 130 148 137 161 169 94 110 166 171 165 120 150 183 160 117 126 
9 15 10 16 9 17 11 14 21 21 15 25 21 17 18 27 34 33 21 32 42 44 27 39 45 47 54 45 33 39 53 53 37 56 42 43 58 58 47 40 75 82 77 69 52 60 92 88 81 87 92 66 84 99 105 104 71 72 68 66 71 94 67 70 122 68 109 130 87 121 94 141 100 107 123 133 94 82 127 133 124 110 97 133 93 96 102 112 133 111 135 178 144 149 180 133 192 159 137 125 114 
17 17 14 10 12 16 16 15 22 21 24 27 27 19 27 24 27 21 37 32 24 29 43 33 32 35 50 29 45 52 37 56 60 43 55 54 61 62 41 43 67 77 43 72 64 78 85 91 81 60 52 65 81 86 92 85 74 103 67 68 79 91 115 94 72 118 106 134 97 95 108 142 95 97 119 76 83 147 82 135 113 107 129 164 160 122 104 148 151 166 134 114 99 137 156 186 98 186 170 128 147 
15 20 19 13 17 13 12 15 16 19 16 17 17 25 30 23 32 20 22 34 34 36 35 45 52 30 45 41 37 34 37 38 49 58 38 58 49 55 58 54 56 45 54 67 54 61 69 70 87 76 65 84 88 77 94 87 109 93 66 68 109 115 71 73 85 115 95 72 81 87 113 97 89 128 144 83 151 148 105 150 122 158 89 96 104 170 144 95 95 106 95 107 96 170 117 157 151 175 132 140 142 
19 15 13 16 20 17 20 15 23 24 18 20 17 18 22 26 33 22 42 25 24 42 40 29 34 29 51 57 49 47 35 36 65 44 39 72 73 76 76 49 44 75 86 48 58 65 76 69 75 61 61 74 103 95 86 100 94 65 100 112 99 72 69 94 101 109 123 102 91 117 81 113 102 96 101 103 151 108 156 128 100 121 119 116 87 146 139 174 134 170 145 126 181 135 135 98 150 104 127 103 179 
13 22 24 17 15 22 14 22 27 30 17 25 27 20 25 36 34 32 24 40 36 35 36 46 33 33 36 37 53 57 62 35 49 36 39 54 69 41 45 44 66 57 66 71 76 58 65 92 90 72 83 56 99 64 106 87 114 64 116 62 62 77 73 124 107 108 74 76 126 126 76 124 106 84 79 143 111 111 138 114 157 109 150 106 168 152 136 144 158 104 161 167 137 140 106 116 162 153 109 144 198 
20 25 26 26 19 15 22 24 21 23 32 28 25 26 38 37 33 42 23 35 34 25 29 34 30 31 32 54 50 40 58 53 46 68 37 39 50 71 56 57 62 76 81 83 85 63 57 83 66 100 56 66 68 58 95 90 114 115 66 101 117 102 102 78 80 130 98 73 105 117 83 118 128 90 97 110 111 123 128 102 120 144 107 93 170 162 150 130 111 136 177 176 95 174 155 102 121 112 156 177 115 
21 15 24 22 20 16 26 17 20 31 25 27 32 34 29 36 33 26 42 24 44 33 35 41 51 52 52 55 34 38 65 50 48 48 45 70 76 73 63 44 65 54 85 51 53 58 61 52 71 92 69 85 93 84 94 88 114 86 85 112 78 119 92 114 70 91 104 106 116 89 76 135 123 124 108 122 109 103 112 158 124 142 86 112 148 137 138 112 126 143 171 122 139 133 160 107 174 164 137 180 148 
20 21 20 25 24 28 23 23 26 34 28 26 29 38 35 25 24 28 26 34 44 29 32 40 50 45 32 50 47 45 40 49 68 51 50 75 69 55 51 61 57 82 76 61 60 91 86 98 93 79 69 54 98 64 87 110 58 98 87 106 79 91 117 113 123 111 127 75 73 132 105 118 134 114 89 143 125 109 127 91 142 101 152 97 118 108 89 130 114 146 94 161 168 95 135 103 120 105 182 126 185 
22 27 17 21 26 19 24 28 30 23 29 32 30 39 37 27 28 27 25 35 34 35 44 32 45 49 49 42 48 52 45 61 62 70 41 59 51 73 48 59 79 68 71 56 68 57 74 65 83 65 87 76 103 82 109 108 87 68 72 97 100 123 120 88 101 102 101 129 99 79 124 74 91 146 108 140 87 112 84 117 135 119 148 129 127 147 135 109 104 105 144 161 125 173 109 116 191 132 113 129 114 
33 33 22 19 32 27 31 25 26 32 27 34 37 42 40 27 45 42 30 47 31 34 53 55 35 49 62 47 53 51 56 36 57 69 54 64 40 67 45 45 47 84 77 92 88 67 65 98 66 99 84 94 67 101 66 81 93 73 87 118 78 91 69 84 118 97 97 123 99 113 132 101 115 76 127 104 116 145 103 144 126 144 110 112 123 135 124 108 150 100 119 101 157 172 97 171 115 153 131 172 104 
19 31 27 36 19 35 32 24 32 25 21 31 39 33 33 34 40 48 46 51 37 32 53 42 47 49 52 35 42 46 35 66 72 50 72 55 47 43 57 77 81 58 71 70 72 86 74 75 63 103 58 100 97 98 75 70 98 85 71 72 80 108 127 86 124 110 130 93 81 75 101 112 128 91 135 151 108 149 121 117 89 157 150 130 106 124 89 112 157 175 175 169 108 175 159 174 171 146 133 124 110 
37 30 36 20 31 25 20 40 31 38 22 29 25 28 43 42 27 50 33 47 32 45 51 48 57 40 50 60 43 45 56 51 56 75 72 40 75 59 45 85 65 81 50 51 88 95 93 78 58 69 85 66 99 107 88 82 64 73 77 96 115 111 128 106 72 68 124 91 87 116 101 109 128 108 106 111 155 131 87 98 98 140 86 118 135 126 173 152 172 110 120 177 107 136 111 106 137 115 111 150 184 
34 37 38 26 22 39 37 27 31 23 32 38 45 37 40 42 44 52 30 33 52 41 55 35 51 36 38 37 43 64 64 71 62 39 69 48 75 74 52 76 52 64 85 56 64 62 56 74 54 92 96 69 75 81 83 90 107 84 106 113 112 104 122 119 113 119 88 98 116 130 122 123 141 109 101 119 98 138 115 155 149 129 155 94 104 115 165 177 108 153 98 164 122 161 190 143 107 168 156 177 162 
26 27 27 42 35 31 23 30 27 43 33 26 43 40 27 33 42 35 38 36 49 40 51 53 41 61 34 42 64 50 55 62 75 61 78 45 49 46 61 86 84 92 71 93 85 52 66 74 70 99 69 96 66 77 99 98 99 111 95 81 84 118 67 89 75 109 104 82 135 107 121 92 131 117 80 96 79 119 156 82 118 143 88 134 141 151 131 141 112 109 168 112 156 189 149 102 130 170 171 191 150 
37 44 43 24 39 37 42 34 43 36 37 31 26 42 49 32 42 29 33 52 32 51 45 62 44 63 39 39 64 42 60 74 61 57 59 61 53 44 47 61 47 50 76 66 59 59 81 86 63 75 70 75 82 105 69 86 92 105 113 91 102 114 76 107 129 133 134 127 77 131 86 144 123 79 150 113 155 117 130 84 125 136 124 164 169 110 92 142 157 115 110 172 113 143 188 127 169 127 184 137 108 
27 27 35 39 38 29 31 26 26 31 34 48 26 40 46 53 32 43 32 42 46 49 60 47 62 37 63 61 46 58 73 52 73 54 45 75 73 81 58 68 79 68 84 49 54 83 80 85 54 74 79 102 111 90 111 84 70 73 116 110 99 75 125 83 73 101 116 133 124 107 89 143 83 146 154 91 142 138 132 137 92 102 122 111 171 132 160 163 121 146 182 154 161 166 110 144 141 166 164 133 128 
30 45 44 43 43 48 38 45 45 32 37 34 38 42 47 51 46 51 40 35 57 47 43 60 36 67 46 41 46 47 60 58 71 71 63 67 65 75 72 73 73 54 72 93 65 101 81 100 73 55 95 97 93 84 69 87 115 66 99 92 77 123 123 118 105 106 87 107 73 127 123 147 109 124 97 80 157 82 93 163 125 157 129 152 172 112 154 151 160 181 186 145 166 108 182 182 131 129 158 169 180 
27 32 46 38 32 46 48 28 30 32 48 46 52 39 30 49 44 56 53 48 38 45 51 63 36 61 67 65 61 40 44 47 69 49 68 74 82 78 50 63 91 82 89 69 94 66 54 59 66 72 76 71 99 87 90 98 101 104 73 88 128 118 116 118 99 106 79 82 134 95 125 84 124 97 119 120 84 95 107 117 117 97 125 99 166 130 122 134 137 166 119 145 129 180 100 131 119 139 171 148 114 
34 44 31 52 33 52 32 51 51 44 54 43 29 34 36 44 55 47 33 59 42 51 53 49 57 61 61 58 52 47 58 46 81 44 59 64 85 66 76 70 67 56 57 86 70 96 75 63 88 101 91 81 87 85 79 90 80 70 89 79 118 130 124 127 101 90 79 140 142 128 78 135 110 131 98 155 104 114 84 95 99 98 143 115 105 164 172 100 177 124 136 116 134 115 107 121 190 122 136 169 147 
33 39 52 28 32 41 36 37 43 52 45 44 48 42 52 40 61 40 62 40 40 37 56 65 54 57 42 72 62 41 55 67 42 51 83 62 86 70 76 78 70 60 90 96 70 96 66 61 73 100 102 108 80 72 92 65 95 100 115 96 130 123 97 69 114 95 88 106 142 95 149 84 145 142 86 145 150 130 158 84 166 161 105 126 155 138 178 155 146 94 113 146 96 112 126 168 108 167 120 146 133 
50 30 56 56 53 55 50 36 58 30 51 50 55 54 43 37 41 62 44 58 56 41 57 42 54 71 55 59 69 51 55 51 50 77 85 72 87 74 84 87 83 94 73 95 99 93 69 89 78 67 63 63 69 63 104 92 64 80 117 76 85 99 116 110 102 122 94 87 127 109 136 135 95 126 85 96 149 144 97 84 160 158 101 155 107 157 171 96 113 173 183 113 166 114 180 124 167 180 103 183 149 
34 45 41 53 38 40 55 40 59 53 53 52 60 33 60 55 45 53 59 35 50 46 62 64 66 66 45 67 53 66 65 75 58 71 50 48 76 78 75 63 67 63 98 82 79 104 87 65 72 96 101 93 98 114 84 76 122 75 98 67 73 128 81 87 75 106 74 138 101 136 110 115 140 124 125 107 140 94 147 150 100 140 166 121 170 111 165 131 109 138 172 113 178 177 129 163 186 160 171 138 185 
53 57 57 56 58 56 43 31 62 33 32 45 36 56 55 49 53 65 40 45 69 37 70 57 61 56 77 66 49 45 73 59 47 71 54 79 76 64 91 71 77 53 68 66 60 74 101 59 65 58 116 87 61 94 85 104 96 105 92 99 71 74 114 86 94 80 122 87 98 113 83 78 120 96 109 120 158 130 109 87 168 137 129 143 92 163 152 160 131 119 100 103 157 119 183 153 152 161 142 147 108 
51 56 39 56 34 44 56 49 47 62 46 35 64 37 58 45 43 65 58 55 47 49 55 70 44 78 51 46 73 75 63 65 76 49 59 77 86 68 97 57 64 61 56 67 66 83 77 84 101 111 112 73 90 102 92 105 127 76 98 86 121 102 92 106 128 78 118 128 78 133 93 143 89 85 144 158 106 131 108 123 120 149 158 147 177 149 96 105 104 123 101 178 182 125 111 198 117 176 192 198 145 
49 36 63 56 35 37 34 61 34 58 45 57 62 48 64 70 46 59 64 67 64 75 47 41 77 51 59 66 82 52 55 70 78 54 56 75 52 79 69 53 91 102 73 87 61 87 75 89 112 94 78 112 83 102 80 73 104 107 73 69 83 100 115 125 132 96 136 95 81 129 99 85 80 106 91 132 87 121 123 121 152 151 107 115 176 134 155 114 118 122 154 129 130 144 152 200 124 185 181 172 185 
61 46 65 51 51 36 39 45 35 56 35 65 55 61 39 60 49 55 66 76 41 73 63 79 56 78 55 50 67 84 45 57 59 88 52 62 49 65 83 77 64 69 67 80 72 63 71 66 73 117 90 92 82 105 108 123 120 98 132 92 78 125 73 118 76 113 105 102 143 139 103 111 141 109 95 137 129 106 88 144 141 169 132 99 108 151 152 181 113 104 108 148 110 139 111 190 196 112 157 160 156 
59 37 35 53 52 48 61 36 49 51 70 58 63 46 66 46 40 47 66 57 71 53 45 47 70 69 84 62 64 86 50 90 90 81 92 57 62 63 55 75 58 67 78 100 103 99 73 63 101 98 115 82 97 82 115 88 76 124 112 97 123 77 128 85 97 86 120 147 107 146 114 98 117 101 153 156 88 126 120 138 92 117 150 155 144 165 173 104 99 118 151 177 188 127 143 150 147 121 124 111 143 
61 37 38 42 42 38 54 54 68 41 72 53 49 60 49 42 67 64 64 63 58 46 70 59 71 69 79 55 77 75 63 60 82 67 52 66 63 69 59 75 97 102 57 105 73 74 106 109 78 62 76 121 105 69 88 88 107 116 89 97 77 72 95 120 138 78 96 134 98 112 97 139 118 103 127 152 98 154 121 107 132 108 112 149 100 130 151 99 121 122 172 183 151 183 163 135 189 164 205 132 204 
61 37 56 68 46 45 70 72 39 45 53 74 45 59 44 78 45 44 68 76 49 58 62 78 76 85 86 49 74 66 91 71 82 84 62 65 99 55 82 65 58 84 99 109 106 75 80 65 116 86 85 86 106 99 128 109 106 127 128 101 124 116 118 139 118 95 141 152 104 100 130 154 154 94 146 155 121 141 131 164 91 130 106 156 156 146 136 173 171 117 127 111 109 165 199 157 143 134 127 160 212 
40 38 52 54 43 62 49 55 59 75 68 49 40 69 58 43 76 41 48 44 76 71 76 83 49 60 68 84 56 60 86 65 83 89 67 68 78 80 56 67 63 98 100 112 114 108 80 76 72 113 76 124 98 120 69 111 86 80 72 125 122 133 133 98 112 97 82 129 95 133 121 154 141 118 109 101 167 116 98 174 115 158 116 145 160 175 159 172 155 162 117 126 186 177 130 191 115 163 172 185 191 
51 48 51 58 39 69 49 61 48 64 44 70 52 47 78 77 55 80 44 50 43 57 82 72 52 58 54 84 80 59 74 94 97 54 101 79 70 100 83 82 101 79 80 63 104 111 74 98 66 121 107 68 101 98 81 109 91 94 108 140 126 142 96 110 87 128 128 154 147 147 117 110 114 147 93 131 116 115 150 99 94 175 167 95 93 127 144 98 107 164 118 128 139 146 158 133 154 141 205 129 179 
56 75 73 43 48 54 69 40 54 79 45 42 78 54 50 71 64 73 56 56 48 75 69 52 47 87 86 88 92 96 71 95 94 65 79 78 90 64 105 99 74 97 67 76 61 72 117 97 68 103 95 84 99 71 80 79 102 101 129 129 109 88 138 140 132 135 107 78 142 98 87 143 89 92 106 150 154 155 158 96 147 119 131 101 141 181 102 153 128 133 169 101 131 154 169 156 134 187 149 143 186 
75 56 74 48 42 63 41 56 58 43 50 60 64 84 74 75 60 51 84 55 76 90 68 92 53 87 92 68 54 78 71 62 52 102 80 76 78 106 69 63 112 113 74 85 78 71 101 100 68 99 110 68 92 112 133 91 69 89 90 130 119 143 108 130 101 88 149 108 124 94 133 157 127 117 129 156 87 123 173 107 115 147 159 169 136 140 123 111 136 125 171 191 151 156 187 185 123 112 207 110 180 
64 48 80 43 69 49 49 74 74 64 83 64 68 72 45 47 46 66 84 61 67 71 62 55 60 81 72 55 98 55 57 96 53 75 67 89 83 106 86 60 103 72 97 60 86 79 99 67 102 115 80 73 93 71 78 111 101 102 93 128 120 145 130 81 83 129 127 113 102 121 97 154 100 141 93 87 142 165 168 106 132 127 142 184 132 156 128 181 169 105 135 181 126 113 174 161 137 118 188 203 146 
63 44 57 48 53 51 75 79 48 75 66 61 46 46 64 84 78 64 69 79 54 55 94 72 58 83 89 56 96 79 96 96 104 89 71 76 88 102 70 80 95 105 101 101 110 82 94 94 65 94 105 90 96 85 75 73 78 103 105 99 82 124 102 89 113 96 114 102 99 155 86 138 133 130 140 119 101 130 141 151 177 103 137 154 178 138 120 107 161 115 166 188 125 181 141 120 142 170 183 148 117 
69 72 80 63 54 70 77 55 85 56 80 53 59 50 88 63 82 75 47 71 59 65 85 94 96 73 95 60 74 77 88 74 67 72 72 80 59 80 85 82 62 114 86 76 63 114 63 92 69 68 129 110 121 129 131 86 117 73 132 90 85 75 122 139 121 148 87 147 83 123 90 134 165 115 141 158 122 123 117 108 177 115 135 181 106 160 116 114 130 118 109 112 121 183 174 136 167 178 123 201 149 
57 79 64 63 81 48 67 47 66 58 90 89 89 57 61 89 71 86 49 88 94 83 91 91 58 59 66 91 69 97 59 92 105 91 102 111 58 93 111 101 94 91 101 103 68 75 69 84 126 105 120 93 112 93 85 77 84 142 90 105 140 146 86 132 138 105 93 95 100 113 145 115 128 153 103 137 114 116 178 99 144 181 116 124 185 135 114 143 126 110 174 172 164 183 205 132 179 119 166 184 128 
71 50 46 55 55 68 82 90 53 90 62 63 49 59 61 89 69 60 90 86 63 52 51 68 53 102 71 91 99 68 96 70 109 106 73 101 89 65 68 117 86 82 115 100 78 84 99 91 125 94 132 99 104 74 126 89 109 92 139 89 149 135 148 140 156 144 94 155 160 83 102 165 122 100 169 101 173 134 107 92 180 122 145 179 178 125 154 134 131 157 129 169 138 202 159 189 125 196 119 134 213 
73 59 62 88 85 81 62 91 61 87 91 48 79 82 56 96 61 83 70 90 60 75 60 71 56 91 103 70 64 92 107 83 98 75 77 77 103 85 83 101 94 103 117 69 81 112 123 119 95 86 131 82 93 79 90 101 85 129 126 112 108 99 144 81 139 123 139 104 142 120 159 153 147 156 149 174 99 150 167 99 145 176 145 97 128 179 160 123 182 188 125 138 152 125 178 182 111 172 216 128 141 
80 77 55 71 85 89 94 70 87 91 59 63 55 92 95 63 75 71 55 56 71 79 82 99 68 66 84 105 89 102 91 65 67 89 75 96 94 109 94 108 115 108 80 94 87 99 113 100 117 113 123 72 108 110 120 133 78 107 76 135 90 112 89 104 98 96 123 149 150 151 111 125 107 131 159 130 93 142 127 134 120 178 113 129 122 124 164 115 128 145 123 136 105 109 203 149 126 170 111 215 208 
93 64 54 61 76 63 94 77 69 66 83 57 78 69 73 83 90 59 95 63 62 64 74 96 80 92 84 79 106 112 61 101 92 111 66 117 97 111 98 103 70 119 80 111 66 66 126 73 100 106 124 77 110 83 129 98 101 90 82 118 129 149 132 89 83 131 123 150 144 124 145 158 137 156 159 95 167 164 163 172 119 124 183 125 160 143 165 181 180 148 146 144 174 147 111 186 159 200 177 204 178 
87 74 53 75 98 72 65 55 73 76 83 72 75 75 95 93 89 95 62 81 72 100 103 60 86 100 90 58 82 89 87 95 106 65 72 81 77 100 113 117 72 111 128 80 98 124 109 111 76 105 77 89 142 98 92 139 103 122 77 115 141 139 119 103 114 85 140 100 158 150 92 112 152 135 156 113 168 95 115 97 118 154 170 108 144 117 113 178 125 137 193 109 186 168 118 139 111 185 192 179 214 
92 74 63 97 95 97 56 90 96 93 93 67 84 66 85 93 101 99 75 59 90 95 104 96 95 94 63 72 102 96 59 94 97 79 108 74 120 99 89 113 67 122 111 124 72 122 99 109 132 91 118 105 113 93 146 81 104 80 112 136 124 151 93 97 88 156 118 119 87 113 164 141 90 174 131 102 95 182 138 130 120 125 156 134 142 103 196 142 136 168 188 134 162 156 135 160 154 134 129 198 146 
55 91 85 63 71 88 61 76 81 65 84 61 82 59 74 76 94 90 101 60 103 90 104 92 67 99 103 73 65 116 110 81 102 82 71 99 95 108 104 90 101 73 90 74 88 84 101 95 89 97 90 95 111 97 120 126 96 83 100 146 136 82 160 154 138 143 125 168 91 154 130 169 128 136 151 118 94 164 165 142 186 152 150 122 116 141 184 121 115 127 121 207 162 195 166 206 119 159 191 161 123 
76 83 102 67 90 71 56 65 78 92 54 56 94 76 62 84 76 94 105 102 99 92 92 97 85 77 59 88 73 91 78 105 96 118 83 90 86 115 102 72 118 67 87 126 127 93 90 72 120 106 139 127 89 136 97 84 152 132 150 99 117 146 81 161 139 117 162 90 104 162 109 137 126 144 168 125 97 140 120 185 132 161 101 160 130 135 181 118 104 188 182 122 167 154 116 114 152 115 157 178 194 
92 61 70 83 73 67 67 62 95 99 106 101 76 69 107 62 87 63 59 95 89 69 95 85 110 79 116 65 97 119 62 85 75 77 111 75 96 93 70 123 120 93 87 90 120 84 130 126 142 127 121 135 130 124 134 77 97 79 79 110 150 123 154 133 161 153 151 108 162 123 101 101 93 123 182 150 126 184 168 166 124 100 190 145 184 147 128 170 110 166 175 144 208 121 171 148 115 181 162 205 136 
80 76 78 59 99 56 86 88 60 58 75 84 95 65 100 109 59 111 86 63 82 105 83 72 107 62 114 110 116 119 77 84 115 120 102 87 76 72 100 89 97 102 113 99 71 89 130 128 135 97 131 110 92 87 127 152 113 131 90 112 120 135 159 96 98 104 149 89 172 89 107 146 178 159 110 95 102 114 139 172 136 110 101 161 145 115 123 165 118 156 110 139 206 129 190 204 126 179 143 144 148 
86 72 103 64 70 57 110 59 87 106 89 110 95 65 88 63 78 82 100 72 79 107 66 88 83 65 75 116 98 78 81 107 64 115 74 110 85 89 123 101 129 135 84 71 79 105 78 135 117 106 116 143 85 139 80 140 129 103 132 130 143 100 98 141 112 98 110 99 119 160 101 123 96 96 153 119 175 149 154 173 129 147 141 128 197 157 118 132 131 208 153 120 132 200 198 133 203 157 215 123 178 
110 110 109 77 90 96 69 73 81 97 108 58 112 96 83 95 97 87 105 71 79 78 63 110 93 118 99 77 107 66 124 74 94 103 104 99 103 110 78 79 123 78 84 86 78 136 138 137 133 119 122 82 150 97 126 93 109 89 135 140 144 121 121 145 100 160 117 128 115 118 138 137 129 104 184 173 186 169 154 182 123 180 101 189 136 194 201 108 171 207 177 118 153 195 170 123 206 164 121 175 155 
88 70 98 63 109 69 77 87 100 87 112 88 106 105 99 89 108 63 77 97 117 116 93 66 84 116 111 91 72 96 65 96 114 66 102 85 96 117 94 98 83 114 88 133 91 139 84 122 123 146 149 135 153 154 103 123 151 81 109 132 97 101 103 121 167 137 168 112 96 173 130 101 147 111 97 157 184 116 176 180 153 159 169 186 103 151 115 140 201 188 186 118 200 186 136 168 174 143 145 200 176 
111 62 67 112 115 87 110 83 92 99 98 116 60 103 69 102 110 106 116 71 81 102 108 102 118 103 102 65 71 93 121 68 132 85 117 79 131 134 81 122 82 75 131 86 82 114 135 123 77 120 139 99 93 147 128 91 113 98 143 159 123 156 162 150 118 105 121 159 138 138 111 167 103 113 165 125 169 97 161 153 165 122 123 152 140 125 187 148 177 134 201 113 126 190 116 123 202 157 168 138 169 
63 71 83 69 60 110 109 114 110 116 91 85 116 106 104 108 64 121 94 101 91 74 96 106 78 70 74 73 104 118 111 105 72 118 117 102 96 81 88 111 126 91 91 116 139 84 110 129 85 136 103 99 137 153 100 115 109 102 101 106 120 114 150 101 174 117 118 147 140 133 161 124 159 97 124 170 175 132 149 113 195 197 197 202 111 182 124 178 162 110 113 215 158 192 214 150 119 170 141 198 152 
109 82 80 109 61 74 71 79 114 77 112 105 90 77 94 117 114 77 72 109 74 100 98 110 75 126 93 94 94 81 91 113 94 134 133 97 99 127 126 127 108 95 80 146 107 101 150 130 152 112 105 93 125 154 128 147 103 103 128 95 128 116 136 152 136 158 114 114 147 115 107 96 133 122 169 139 157 115 109 148 158 131 175 198 123 198 180 179 117 167 196 151 177 148 112 142 122 192 221 185 184 
77 97 91 75 98 120 77 121 92 82 79 72 73 108 77 80 76 84 125 84 120 109 119 129 93 128 110 68 75 123 98 102 88 101 101 130 108 116 119 143 81 78 141 113 132 112 94 78 105 98 142 157 96 126 87 104 143 140 130 120 91 140 104 106 142 103 139 119 96 147 181 170 111 102 133 113 100 187 160 114 116 111 124 178 155 197 151 112 116 132 116 158 147 167 145 222 189 189 176 136 121 
87 112 85 67 71 119 66 115 109 80 68 93 126 86 70 79 100 121 97 95 77 88 66 76 86 123 76 129 125 120 124 110 121 72 107 116 132 89 101 92 140 130 119 102 110 92 104 140 85 107 117 148 115 141 98 90 160 168 167 112 103 132 102 143 147 161 162 104 174 112 166 175 174 141 144 99 166 178 196 158 151 130 112 158 130 194 144 181 204 141 211 170 128 165 216 181 221 140 141 168 208 
98 109 96 122 108 99 124 102 85 109 94 83 94 88 127 122 110 129 100 115 76 88 115 75 116 74 105 72 83 86 94 112 103 125 134 125 124 144 96 143 80 78 107 131 136 147 110 81 139 149 98 112 131 127 86 114 112 114 125 124 91 133 132 103 167 172 154 166 131 101 95 96 158 140 119 182 100 132 196 148 170 186 159 168 187 139 113 192 201 156 158 218 199 189 137 198 159 174 225 176 195 
67 73 70 78 110 117 66 95 89 88 90 110 122 126 88 130 107 75 107 103 89 92 95 133 127 100 111 74 102 73 72 121 115 81 115 117 105 112 101 132 83 84 79 140 101 121 127 111 139 127 102 137 114 158 122 159 106 114 140 167 155 115 103 132 135 113 165 100 141 177 149 117 135 113 106 123 111 168 133 169 123 114 111 170 210 192 119 199 120 218 113 116 113 157 175 200 187 163 188 159 173 
125 106 92 120 128 121 119 121 105 85 112 111 79 96 112 115 86 129 84 111 93 111 121 109 127 74 115 72 134 77 104 129 134 77 138 140 84 123 114 138 99 82 144 86 118 154 117 101 115 146 134 161 115 139 99 152 88 119 106 90 111 133 168 140 182 141 151 101 181 161 142 124 194 132 115 117 173 164 104 149 134 122 106 184 200 114 154 163 141 142 193 215 127 160 154 126 229 130 118 222 128 
83 95 132 130 127 116 100 94 77 127 125 87 113 102 127 89 121 114 113 132 88 81 101 107 82 117 116 72 77 89 107 114 113 124 94 112 82 84 86 130 129 132 86 82 106 91 117 112 162 125 85 157 126 87 134 157 87 88 110 162 160 144 114 170 96 145 123 135 121 159 160 144 126 179 106 128 162 145 113 144 118 183 169 117 192 173 139 168 203 199 175 218 214 207 134 220 127 203 147 171 201 
80 86 119 110 131 68 124 90 86 91 120 88 85 98 135 89 97 121 125 113 106 95 93 137 120 95 84 82 130 86 122 140 97 129 125 150 107 91 121 91 111 129 86 105 145 133 146 105 100 125 162 127 123 149 149 115 142 95 158 144 138 109 106 125 99 98 106 153 129 125 162 139 159 156 157 179 113 195 191 167 181 159 136 168 182 160 117 208 127 137 168 116 190 224 228 208 171 139 144 232 177 
98 89 75 133 112 98 69 103 84 88 91 107 105 106 77 112 71 81 137 107 134 80 94 115 118 107 95 78 99 132 94 119 77 121 144 94 82 149 153 103 85 157 100 139 130 88 136 113 106 91 151 159 139 116 142 149 156 129 129 153 162 123 180 144 182 163 157 105 146 180 132 104 111 157 174 108 150 149 182 148 179 160 117 119 215 124 110 154 189 137 195 137 226 217 181 178 160 221 161 233 176 
110 73 127 92 137 132 135 135 108 95 126 85 117 79 71 110 73 91 131 103 123 79 98 116 108 131 115 109 103 111 116 95 134 85 109 126 134 138 90 147 104 127 83 152 149 131 88 130 93 119 165 161 149 152 123 151 158 117 121 128 148 110 135 161 104 120 163 106 133 191 138 142 184 118 172 121 196 166 127 199 187 144 200 186 214 117 191 210 128 211 209 132 213 167 154 233 207 137 222 229 219 
128 85 134 107 107 125 128 117 97 88 106 78 136 129 140 112 85 105 110 101 139 111 126 112 103 142 122 125 85 110 120 81 135 106 84 149 137 84 157 84 132 82 162 140 140 133 156 130 168 148 131 155 121 172 158 145 178 174 97 108 126 148 107 134 132 96 99 174 140 164 169 118 108 177 153 193 171 183 137 201 192 156 212 189 199 164 164 129 139 220 220 148 188 132 200 142 146 174 165 162 167 
74 107 88 123 93 105 135 142 87 110 116 106 81 103 128 87 80 95 109 127 144 93 123 85 140 131 111 84 148 115 99 78 95 90 155 110 137 104 99 125 85 146 154 101 97 134 159 128 157 99 160 152 155 134 113 131 149 169 123 113 94 118 163 127 134 178 118 191 185 111 117 112 190 172 146 188 122 142 133 192 113 167 149 163 120 136 176 157 192 131 191 172 128 125 196 192 222 204 230 169 230 
116 110 132 85 109 131 78 83 136 119 143 138 95 76 139 142 84 81 111 109 95 111 106 94 114 129 99 83 126 127 156 123 144 92 145 122 140 127 98 90 151 162 116 145 167 109 168 113 171 93 139 170 110 98 127 170 130 99 120 143 160 174 178 114 175 121 166 150 104 110 113 180 156 188 161 161 164 184 129 147 126 166 113 124 151 160 119 173 225 205 123 145 232 195 142 166 136 201 203 134 138 
112 129 99 81 138 122 114 96 116 115 120 125 90 84 140 114 98 122 141 124 147 91 151 137 111 117 129 88 89 97 119 154 152 114 127 153 107 159 117 116 114 154 159 133 167 146 118 143 119 109 120 166 170 159 128 129 118 157 101 144 175 115 115 117 117 147 181 159 157 139 199 157 151 181 132 117 162 146 125 135 201 134 116 214 210 167 118 192 175 125 119 160 201 158 178 152 202 220 180 182 133 
134 127 139 121 141 79 132 80 106 87 146 120 93 105 79 148 99 127 124 122 122 139 113 94 140 97 93 87 102 119 80 153 135 148 142 126 154 89 130 90 155 142 161 170 167 107 168 90 123 173 105 144 133 116 160 124 117 166 122 154 160 157 97 101 155 120 117 113 166 184 157 184 111 182 168 156 207 167 112 196 125 155 162 186 164 220 189 220 135 204 153 124 122 195 176 168 215 228 200 155 178 
140 131 78 114 124 113 132 145 89 120 103 115 88 141 140 94 135 109 154 149 99 116 143 94 123 151 128 135 145 130 146 101 152 148 125 124 94 87 98 115 148 96 162 114 114 109 119 106 130 128 95 153 162 103 146 174 122 110 122 139 129 100 141 146 156 128 146 197 195 157 194 114 186 188 130 137 130 126 168 195 208 113 219 139 119 118 200 179 219 167 154 233 132 231 175 164 152 204 156 188 151 
149 151 108 112 103 150 95 138 121 114 119 145 136 78 151 147 124 109 123 148 83 82 147 89 152 108 100 102 136 86 113 115 115 135 124 151 114 159 141 162 159 95 161 108 151 90 174 98 168 132 130 109 94 150 136 115 181 167 112 185 192 106 141 186 175 149 139 169 135 123 190 154 145 109 108 142 148 186 198 129 197 177 209 170 207 209 217 166 131 187 229 198 232 176 198 207 214 201 146 190 211 
135 124 125 110 129 130 95 140 154 123 138 113 154 128 143 88 146 100 87 147 151 109 121 98 117 101 154 83 122 163 161 86 114 145 98 164 87 146 96 146 100 95 121 169 91 126 93 165 126 105 92 96 137 121 188 139 110 173 144 175 171 182 185 173 193 128 200 182 138 164 126 149 186 112 147 173 198 173 178 156 154 212 195 129 212 198 220 187 154 180 147 231 137 197 235 150 178 151 205 199 249 
106 144 101 121 83 128 119 133 82 92 118 141 150 115 143 122 139 92 93 132 142 143 84 123 141 134 109 83 128 114 157 102 112 152 156 154 95 120 116 112 110 161 158 175 177 107 96 171 101 114 137 138 125 109 106 167 192 172 121 123 100 150 153 119 152 166 130 184 134 125 154 196 109 127 203 139 205 193 154 209 140 196 160 159 206 201 174 121 145 160 237 140 179 221 182 148 125 133 225 174 203 
89 101 141 153 120 98 150 106 105 119 112 142 115 93 114 113 91 98 137 127 152 148 154 162 117 130 144 111 109 141 147 103 110 146 105 155 123 130 95 142 131 107 171 115 174 123 99 167 104 112 137 98 115 174 182 162 188 188 190 186 196 175 194 125 110 108 168 106 168 144 176 178 158 209 138 213 200 126 217 215 201 196 134 118 183 194 149 133 163 237 130 208 238 244 124 151 189 144 223 144 150 
98 117 148 138 150 136 89 96 128 143 136 142 130 119 142 126 143 83 102 113 129 97 86 89 98 144 150 157 145 90 141 111 90 145 132 144 92 140 139 149 101 106 151 131 160 94 170 143 94 158 163 126 110 160 159 105 183 100 153 102 105 158 199 142 135 133 107 155 205 174 162 133 206 146 144 168 215 202 141 120 121 170 147 122 208 159 173 226 232 137 220 199 215 160 161 169 203 242 167 137 169 
144 106 108 154 157 92 145 122 110 134 136 123 140 144 154 90 143 107 161 115 152 108 100 139 157 167 94 143 136 105 140 170 96 157 105 158 112 93 104 136 125 154 131 102 95 122 121 137 96 164 190 113 178 108 126 137 195 122 189 131 138 151 161 108 199 165 151 174 179 111 156 205 132 161 111 152 135 133 205 138 209 164 134 154 165 150 133 173 170 182 194 132 229 183 231 218 229 143 230 221 217 
115 164 152 113 97 126 150 100 98 90 89 159 85 89 105 105 133 120 119 144 115 91 163 159 159 106 114 118 124 154 88 143 169 166 116 175 178 175 106 166 107 153 130 143 117 126 157 152 167 133 140 119 102 180 122 190 156 120 179 183 151 103 136 128 118 115 171 198 196 161 188 160 138 128 114 188 208 149 179 208 148 153 156 157 151 176 230 138 201 154 122 141 219 180 201 128 180 240 174 181 203 
132 164 112 132 96 153 142 129 101 119 139 106 89 109 133 132 158 121 168 116 162 104 107 88 126 117 152 136 119 91 125 173 138 113 141 115 119 120 129 101 108 176 110 141 171 120 151 116 99 106 103 133 144 196 198 121 191 121 117 159 197 159 186 180 189 158 130 193 190 166 150 122 206 205 195 154 216 196 213 137 213 120 199 192 155 223 234 179 239 149 133 175 158 200 147 199 237 180 159 131 223 
100 85 124 104 124 118 107 93 85 105 119 105 164 157 90 88 110 133 116 94 130 109 138 91 116 120 109 121 108 121 156 171 137 121 148 143 147 99 100 146 185 181 152 125 172 166 103 188 154 153 171 189 194 112 163 183 167 174 125 146 203 171 160 136 123 107 160 134 140 153 192 159 181 157 160 203 154 192 164 195 197 219 227 166 228 143 122 187 191 163 206 146 156 242 242 167 236 185 251 148 182 
108 120 114 170 89 152 113 93 111 152 162 169 165 159 129 93 158 141 160 101 152 105 115 142 103 99 129 123 92 135 155 154 142 153 101 146 94 173 125 120 151 175 144 135 132 122 104 169 121 105 158 162 102 112 132 108 178 196 109 169 172 177 165 140 135 117 208 158 214 178 124 123 143 211 212 203 188 125 137 192 199 195 148 206 131 237 203 197 163 135 169 156 186 166 172 231 224 218 214 197 202 
152 127 168 158 158 96 154 166 135 99 154 96 119 119 169 93 95 116 97 94 151 116 150 177 122 151 131 161 120 108 167 112 95 110 147 99 176 160 108 134 146 174 159 148 111 104 136 186 188 133 138 161 193 179 121 156 131 179 169 158 192 111 110 197 191 189 182 123 126 211 166 204 148 140 193 204 179 202 211 165 201 126 120 222 217 204 128 237 140 195 150 167 246 172 134 220 151 214 162 212 223 
113 116 130 160 140 91 136 90 128 155 140 159 122 147 135 159 160 164 154 115 173 127 114 102 154 124 113 155 166 171 132 106 121 176 163 178 155 126 159 168 97 155 162 98 184 194 129 102 121 149 167 184 185 202 192 139 156 202 118 172 116 185 146 207 209 114 113 142 159 113 190 191 124 216 122 225 134 126 120 156 224 201 172 184 239 202 236 145 146 141 195 208 161 242 201 177 157 259 202 171 240 
90 101 148 157 150 128 169 159 99 135 130 109 93 98 142 122 169 124 102 170 170 174 96 137 151 132 132 173 126 132 152 152 102 121 175 147 154 190 147 185 106 163 116 140 196 186 192 172 107 129 128 186 119 137 186 136 199 128 188 189 171 206 139 142 114 188 178 198 199 161 144 218 174 128 121 211 216 162 131 128 145 125 166 145 148 230 185 203 191 162 155 158 183 196 235 160 205 143 244 133 189 
118 114 141 129 134 166 144 114 176 175 90 112 93 144 162 112 104 125 145 141 117 165 132 167 152 164 165 100 153 172 164 138 133 156 184 153 181 153 114 163 157 158 137 163 149 146 191 184 130 119 112 152 187 196 167 179 186 168 197 148 186 198 179 127 121 188 184 189 120 133 226 205 198 184 229 119 213 182 202 181 198 188 230 152 135 223 127 166 138 147 237 205 252 192 244 133 137 172 158 169 163 
144 106 144 112 174 146 106 164 92 146 130 91 148 105 95 175 158 156 155 113 173 134 105 96 182 176 113 179 110 150 118 145 149 101 162 148 137 150 160 130 183 172 148 178 172 132 152 190 148 184 178 105 114 120 164 149 208 160 186 201 129 181 179 129 215 152 154 191 190 162 134 170 213 203 193 203 171 227 130 131 239 233 170 203 158 162 231 128 169 222 145 202 216 227 233 235 254 262 250 147 157 
155 145 145 165 144 100 166 127 94 148 159 169 102 123 169 107 177 145 161 141 170 169 167 169 137 130 120 158 185 136 159 153 151 148 153 132 101 148 166 129 178 112 199 117 164 120 125 142 197 154 129 108 151 133 158 115 209 193 199 205 131 159 215 137 209 149 161 159 185 164 219 198 126 192 174 181 148 185 182 185 134 191 208 214 195 167 141 162 195 248 206 255 141 179 222 153 264 139 219 175 175 
129 182 126 136 133 108 102 111 99 130 172 159 101 104 112 147 168 127 96 104 137 111 125 165 185 148 188 114 160 121 107 181 185 178 142 142 176 164 118 104 150 115 143 165 129 144 191 172 177 119 204 189 136 201 180 136 131 185 198 196 172 132 132 116 127 149 214 135 197 189 212 174 161 131 120 128 129 175 219 171 132 160 164 186 238 221 217 145 168 220 199 216 179 249 213 186 189 209 199 189 244 
185 125 105 183 159 105 176 139 101 109 159 99 174 133 128 185 181 116 97 107 135 188 136 98 137 156 99 188 167 141 164 154 185 191 191 194 131 131 133 183 165 193 138 162 166 120 150 162 147 203 185 211 166 175 119 210 128 150 145 112 119 206 114 187 197 146 128 141 196 164 125 216 163 188 235 127 159 205 202 187 141 194 160 232 184 210 212 200 143 142 208 169 230 217 261 166 257 145 261 193 225 
184 113 174 170 140 134 110 140 95 162 116 96 168 99 155 178 164 147 118 119 152 97 131 135 120 100 119 109 180 196 107 142 168 193 116 182 147 121 185 102 135 122 175 203 195 118 181 206 177 172 191 164 188 176 156 123 203 173 159 219 201 212 118 193 145 204 224 217 231 194 211 227 143 143 210 147 184 223 144 158 241 130 247 137 248 246 241 191 211 167 181 250 237 154 256 219 147 168 215 251 164 
110 146 175 128 113 121 132 175 111 171 164 171 148 165 135 125 141 133 112 158 151 142 98 110 114 189 164 109 169 135 107 184 136 195 111 192 182 166 151 186 184 186 159 117 152 167 159 156 130 123 197 165 161 110 164 110 145 199 138 192 187 214 217 145 196 198 120 131 176 121 198 227 172 191 146 177 204 231 234 230 167 177 196 199 132 133 234 162 247 234 162 141 245 248 137 166 136 161 146 145 148 
125 169 116 120 114 139 170 164 182 118 142 114 174 124 182 167 100 146 126 111 132 176 112 133 191 141 130 177 159 120 114 131 159 202 183 126 189 132 137 199 205 151 117 150 172 211 149 155 127 213 216 150 152 157 178 173 197 118 123 115 215 139 128 176 185 201 191 162 209 143 181 171 201 181 171 171 219 135 179 226 244 164 235 232 228 151 199 227 211 227 217 187 260 165 242 160 243 230 213 167 170 
188 105 181 109 169 111 109 138 121 105 102 160 140 125 106 158 132 154 144 110 154 128 170 104 188 161 111 142 140 185 166 105 146 118 138 159 165 152 166 150 206 186 168 119 152 150 191 175 123 150 131 165 173 197 174 112 190 209 156 122 143 158 175 215 195 149 216 206 224 220 219 134 173 209 154 170 234 125 198 194 242 144 178 201 161 211 255 246 253 189 166 232 145 139 228 227 218 269 214 171 261 
133 176 113 174 108 128 119 169 104 167 175 149 128 193 138 117 161 135 192 105 132 140 150 148 137 192 150 138 176 128 151 164 136 186 137 192 139 174 181 114 113 126 187 174 115 178 179 183 164 152 141 162 214 220 161 216 222 224 172 179 147 203 152 229 214 226 189 132 206 144 213 214 219 201 124 237 206 170 162 127 240 230 135 157 130 140 202 201 248 141 227 175 234 210 179 155 191 210 144 215 190 
110 118 177 176 190 128 122 105 126 182 153 172 161 106 168 197 163 180 151 199 133 188 184 133 122 115 106 172 138 176 192 193 206 116 123 174 130 142 132 110 182 117 145 111 141 170 118 127 165 185 200 118 186 128 132 200 130 209 213 164 132 182 154 214 208 232 153 225 148 138 229 150 223 167 177 212 216 198 237 175 220 145 222 236 213 138 190 171 142 248 225 236 197 162 147 209 179 269 162 169 160 
116 200 107 158 158 110 174 180 192 146 120 155 191 191 106 129 115 167 114 162 108 185 121 158 195 152 138 123 194 202 194 111 189 128 182 167 171 114 129 190 150 160 183 165 216 139 187 167 114 137 148 145 144 141 198 162 138 208 186 161 150 213 170 200 197 153 196 127 153 176 169 157 186 244 151 140 186 209 244 240 240 146 221 150 253 206 196 264 256 198 261 194 181 188 268 201 231 214 222 191 145 
1.286 1.296 1.124 1.436 0.7 1.23 0.904 1.069 1.418 0.744 0.923 0.592 0.93 1.281 0.835 1.112 0.785 0.754 1.163 1.086 1.214 1.019 1.203 1.279 1.082 0.673 0.562 0.649 0.697 0.789 0.925 0.835 0.938 0.549 0.772 1.138 0.631 1.176 1.059 0.549 0.772 1.483 0.993 1.202 0.616 1.329 0.815 0.901 0.583 0.83 0.839 1.297 0.702 0.542 1.429 1.284 1.068 1.491 0.786 0.617 1.132 1.211 0.952 0.57 0.612 1.224 0.56 0.743 1.252 1.12 1.144 0.524 1.103 0.638 0.579 0.571 1.467 0.894 0.972 0.55 0.576 1.311 0.699 0.778 0.706 0.628 0.563 0.626 0.971 0.849 0.743 0.604 0.912 1.195 1.026 1.024 1.272 1.087 0.619 1.024 
0.707 1.263 1.401 0.662 0.753 1.48 0.733 0.72 1.226 0.557 1.122 1.302 0.72 0.674 0.581 1.278 1.154 0.644 1.404 0.626 1.345 0.999 1.082 1.109 1.047 0.608 0.633 0.819 0.547 1.104 0.695 1.106 0.867 0.948 1.268 1.121 0.928 0.853 0.693 0.654 1.262 0.668 0.809 1.483 0.842 0.89 1.261 1.496 1.386 0.518 0.974 0.583 1.369 0.556 1.192 0.916 1.017 0.677 0.587 1.064 1.281 1.135 0.671 0.648 0.583 0.791 0.621 1.364 1.145 1.167 0.87 0.907 1.335 1.179 0.89 1.029 0.569 1.004 1.025 0.807 1.374 0.852 0.89 1.243 0.908 0.582 1.012 1.425 0.759 1.099 1.342 0.892 1.086 0.513 1.041 0.522 0.804 0.514 1.386 0.801 
0.533 0.756 1.209 0.72 1.436 0.951 1.249 0.857 0.807 1.127 1.165 0.681 1.479 0.907 1.425 1.239 1.342 0.937 0.517 0.601 0.888 1.359 1.346 0.827 1.372 0.887 0.849 1.028 1.253 0.735 1.33 0.639 1.343 1.391 0.859 1.279 0.842 0.961 0.637 0.502 0.94 0.654 0.683 0.919 1.061 0.96 1.01 0.903 0.749 1.027 1.357 1.49 0.886 1.203 1.169 1.11 0.942 0.518 0.639 1.047 1.105 0.821 0.538 0.948 0.712 0.898 0.728 1.406 0.711 1.217 1.408 1.151 0.723 0.944 0.922 1.284 0.756 1.432 1.04 1.358 1.312 1.249 1.348 0.698 1.304 1.017 0.661 1.098 1.387 0.8 0.997 0.992 1.473 1.036 0.792 0.685 0.786 1.02 0.591 0.997 
1.089 0.852 1 0.664 0.648 1.422 1.449 0.904 0.706 1.341 0.762 0.518 1.442 0.962 1.069 1.246 1.479 1.23 1.196 0.718 0.882 0.693 1.21 0.855 1.229 0.503 1.04 0.515 1.375 1.483 1.364 1.317 1.187 0.864 1.481 1.335 1.138 0.782 0.74 1.345 0.975 1.002 1.363 0.917 1.465 0.932 1.015 0.796 1.014 0.711 1.015 1.396 1.257 1.077 1.103 0.986 1.432 0.995 1.354 0.66 0.979 1.218 0.829 0.666 0.583 0.81 0.854 1.221 1.445 1.094 1.418 0.92 0.948 1.282 0.69 1.265 1.066 0.557 0.914 0.933 1.121 1.429 1.181 0.878 1.358 0.785 0.716 0.643 1.28 0.57 0.803 1.111 1.289 1.132 0.63 0.724 0.794 0.984 0.797 0.739 
0.578 0.716 0.512 1.026 0.85 1.054 1.144 0.768 1.111 0.558 1.201 1.084 0.839 0.883 0.814 0.697 1.168 1.031 0.84 1.3 1.101 1.495 0.912 1.242 1.479 1.042 0.818 0.774 0.526 1.116 1.365 0.956 1.332 0.729 1.482 0.682 1.283 1.478 0.95 1.247 0.536 1.004 0.831 0.875 1.387 1.146 1.425 1.407 1.029 1.117 1.207 0.982 1.113 0.619 0.725 1.444 1.161 1.043 0.718 0.539 1.011 0.936 0.995 0.843 1.165 1.33 1.377 0.949 1.308 1.18 1.048 0.697 1.036 0.731 1.072 0.923 1.377 1.349 0.83 1.258 0.967 0.537 0.741 0.932 1.009 1.318 0.876 1.022 1.213 1.095 1.062 0.725 0.883 0.557 1.42 0.548 1.387 1.298 1.349 0.548 
1.33 0.897 0.745 0.866 1.129 0.669 0.641 1.358 0.519 1.323 1.469 0.986 0.712 0.71 1.418 1.221 0.528 0.794 0.744 1.241 0.741 0.658 0.818 1.124 0.715 0.739 0.525 0.955 0.889 0.726 1.355 1.071 1.124 0.6 1.437 1.105 0.769 0.93 1.315 0.788 0.753 1.284 0.626 0.965 0.846 0.544 0.687 1.226 1.191 1.283 1.32 0.784 1.441 0.638 0.761 1.008 0.877 0.786 0.815 0.618 1.364 0.67 1.189 1.34 1.122 1.478 0.945 1.392 0.908 1.113 1.032 1.161 1.249 1.159 0.627 0.596 0.555 1.166 1.322 0.598 0.949 1.142 0.883 1.242 0.633 1.496 0.75 1.362 1.134 1.418 1.481 0.998 0.588 1.17 0.839 0.563 1.149 0.636 1.455 0.557 
1.249 1.339 0.571 0.999 1.35 0.698 1.447 0.758 1.364 1.269 0.856 1.165 1.264 0.591 0.907 0.749 0.939 0.509 0.611 0.573 0.779 0.592 1.072 1.22 0.615 0.763 1.283 0.616 0.899 0.59 1.025 1.001 1.429 1.096 0.5 0.632 0.646 0.799 0.89 0.862 0.92 0.598 0.527 0.684 1.042 1.286 0.933 1.481 0.648 1.045 0.907 0.927 1.489 1.479 0.647 0.956 1.094 0.782 1.072 1.493 0.872 0.598 0.994 1.154 1.194 1.346 1.286 0.693 0.645 1.028 1.055 1.066 1.478 1.083 0.602 1.372 1.221 1.388 0.706 1.369 1.285 1.113 1.149 1.274 1.444 0.648 0.731 1.038 0.931 0.655 1.031 0.655 0.753 0.878 1.309 0.8 0.724 1.447 0.993 1.222 
1.327 0.548 1.14 0.658 1.483 1.242 0.53 1.205 1.13 0.736 1.426 0.915 1.349 1.427 1.042 1.293 0.576 0.625 1.183 1.359 0.78 1.067 0.866 1.034 1.445 1.028 0.686 1.021 0.975 1.179 0.743 1.155 0.579 1.383 1.313 0.563 1.478 1.343 1.268 1.46 0.932 0.546 0.876 0.781 1.474 0.77 0.927 0.902 0.895 0.61 1.113 0.527 1.177 1.479 1.413 1.474 1.007 0.599 0.996 0.835 1.278 0.591 0.842 0.71 0.827 0.655 0.773 0.805 0.85 0.893 0.765 1.282 0.939 1.493 0.916 0.913 0.763 1.343 0.667 0.51 0.805 1.28 0.538 0.835 0.612 1.451 0.809 1.471 0.551 0.657 1.158 0.681 0.749 0.5 0.891 1.076 0.655 0.516 0.733 1.358 
0.909 0.998 1.14 1.349 1.344 0.908 1.114 0.607 1.103 0.634 0.97 1.409 1.414 1.008 1.096 0.878 1.311 0.757 0.85 0.714 0.915 0.86 0.896 0.516 0.861 0.639 1.092 1.368 0.656 0.677 1.226 1.417 1.175 1.219 1.266 1.019 0.627 1.233 1.479 1.231 1.367 0.949 1.492 0.633 0.809 1.088 1.364 0.62 1.345 1.066 0.835 1.112 1.426 0.583 1.128 0.787 1.074 1.072 1.008 0.582 1.249 0.734 0.5 0.925 0.805 0.618 0.796 0.933 1.351 0.775 1.016 0.57 0.576 1.008 1.056 0.885 0.948 0.92 1.358 0.793 1.486 0.693 0.758 0.764 1.128 1.386 1.052 0.702 0.959 0.56 0.785 0.708 1.146 0.785 1.133 1.452 0.903 0.782 1.237 1.107 
1.409 0.753 1.177 1.486 1.261 0.733 1.223 0.709 0.505 1.081 1.354 1.491 0.626 0.612 0.756 1.254 1.499 0.66 1.457 0.958 1.072 0.742 1.166 1.07 1.379 1.152 1.022 0.782 0.786 0.759 1.389 0.695 1.012 1.419 1.033 1.125 1.004 0.757 1.334 1.01 0.69 1.189 1.353 0.817 0.653 0.961 0.571 0.652 1.121 0.88 1.462 1.045 1.474 1.481 0.616 1.353 1.133 1.138 0.988 0.771 0.75 1.229 0.966 0.614 1.148 0.852 1.24 1.005 1.461 1.426 0.515 0.651 1.115 1.368 0.968 1.269 0.83 1.392 0.773 0.803 1.124 0.736 1.349 1.099 0.717 0.817 1.304 0.702 0.807 0.792 0.973 1.057 0.874 0.791 0.524 0.522 1.143 1.264 1.027 1.456 
1.19 1.394 0.608 1.158 1.263 1.428 1.279 0.945 0.672 0.552 0.6 1.297 0.788 1.449 1.248 1.357 1.118 1.052 0.559 1.426 0.697 1.384 0.983 1.071 1.028 1.007 1.445 1.023 1.123 1.325 0.98 0.814 1.219 1.088 0.824 1.334 1.016 0.603 0.779 0.541 0.655 1.232 1.338 1.296 1.181 1.438 1.153 1.152 1.342 0.565 1.078 0.539 1.449 0.561 1.11 0.977 1.421 1.056 0.501 1.396 0.881 0.981 0.71 0.952 0.921 1.034 0.787 0.789 1.489 1.418 0.83 0.645 1.15 1.02 1.441 1.184 0.958 1.446 0.836 0.801 0.511 1.414 1.192 1.461 0.827 0.803 1.29 0.748 0.711 1.291 0.997 1.444 1.124 1.207 1.248 0.545 1.094 0.535 0.835 1.435 
1.454 0.517 0.58 1.104 1.038 0.873 1.14 0.848 0.82 1.476 1.149 0.831 1.39 1.194 1.144 0.718 1.497 0.935 1.318 1.06 1.078 0.815 1.356 0.703 0.875 1.104 1.1 0.821 1.492 0.787 0.756 1.446 0.805 1.189 1.402 0.695 0.562 1.043 1.043 1.234 1.019 1.045 0.566 1.262 0.739 0.562 0.832 1.088 0.997 0.65 1 0.928 1.318 0.856 1.483 1.045 0.812 1.083 0.718 0.804 1.371 0.974 1.102 1.028 0.663 1.005 1.223 1.078 0.9 0.766 0.812 0.771 0.663 1.23 0.533 0.902 0.645 0.865 0.842 1.494 1.368 1.342 0.922 0.538 0.698 0.905 1.083 1.011 0.841 1.301 0.667 1.064 1.127 1.27 0.592 0.643 0.775 1.315 0.573 1.175 
0.933 1.237 0.798 1.449 0.968 0.832 0.851 1.113 0.549 1.194 1.459 1.417 1.036 0.882 0.807 0.587 0.639 0.742 1.45 0.98 0.895 0.617 0.544 0.523 1.387 0.636 1.018 1.014 0.803 1.091 1.041 0.589 0.828 1.34 0.538 0.648 1.024 1.241 0.613 1.073 0.935 0.573 1.343 0.824 1.307 0.65 1.263 1.446 1.245 1.213 1.279 0.64 0.682 1.323 1.015 0.57 0.812 0.533 1.436 1.467 1.476 0.978 0.908 1.157 1.17 0.946 1.305 0.694 1.04 0.771 0.619 0.827 1.196 1.462 1.151 1.003 0.965 1.266 1.301 0.71 0.979 1.08 0.85 1.162 1.256 1.366 0.584 0.92 0.751 0.52 1.239 1.08 1.35 0.648 0.737 1.372 1.446 0.894 0.566 0.986 
1.165 1.038 1.314 0.861 1 1.317 0.716 1.465 1.084 0.518 1.027 0.915 1.098 1.378 0.577 1.206 0.596 1.013 0.626 1.199 1.386 1.366 0.779 0.588 0.514 1.016 1.461 1.46 1.411 0.879 1.299 1.428 1.417 1.113 1.142 1.27 1.282 1.358 0.587 0.866 1.376 1.115 1.282 0.975 0.993 0.711 0.681 1.441 0.577 1.16 1.14 1.463 1.026 1.42 0.551 1.392 1.288 0.864 0.704 0.551 1.244 0.503 1.48 0.513 1.116 1.122 1.283 1.251 0.98 1.371 0.617 0.857 0.986 0.751 0.684 0.831 0.963 1.217 0.772 1.04 0.877 0.764 1.355 0.755 0.684 0.758 0.647 1.473 1.123 0.852 0.524 1.219 0.855 0.856 1.232 0.824 0.83 1.368 0.575 1.311 
0.591 1.044 1.02 1.429 1.296 1.204 0.76 1.111 1.273 1.384 1.003 1.003 0.648 0.858 1.258 1.185 1.116 1.406 0.51 1.091 1.11 0.886 0.81 1.465 0.595 0.895 1.141 0.925 1.115 1.216 0.736 1.206 1.113 1.256 1.487 0.909 1.312 1.099 0.52 1.438 1.335 1.375 0.941 1.483 0.733 0.699 0.52 0.701 0.957 0.882 1.293 0.567 1.269 0.955 0.533 1.364 0.702 0.526 0.789 1.317 1.243 1.378 1.375 0.856 1.486 1.362 0.617 1.299 1.313 0.989 0.589 1.148 0.864 1.03 1.484 1.097 1.229 0.504 0.65 1.039 0.887 0.795 1.106 1.008 1.251 1.139 0.872 1.453 0.518 0.513 0.623 1.261 1.391 1.498 0.969 1.378 0.713 1.438 0.529 0.526 
0.927 0.618 1.175 1.291 0.5 1.159 1.24 1.229 0.515 1.39 1.12 0.902 1.038 0.727 0.762 0.789 0.718 1.134 1.094 0.736 1.148 1.217 0.849 1.391 0.568 0.67 1.269 1.133 0.608 0.65 1.159 1.387 0.768 1.186 1.178 0.768 0.845 1.27 0.85 1.213 0.513 1.47 0.967 1.051 1.049 1.23 0.692 1.268 0.864 1.286 0.504 0.864 1.356 0.854 1.108 1.424 1.024 1.229 1.057 1.485 1.38 1.068 1.372 1 0.755 1.051 0.621 1.452 1.173 1.323 1.165 1.186 0.645 0.633 1.089 1.195 1.363 1.281 0.963 1.079 1.068 1.319 0.796 0.924 0.673 1.404 1.2 0.55 1.133 0.757 0.535 1.365 1.325 0.759 0.866 0.932 0.662 0.987 0.885 1.336 
0.81 0.902 1.374 0.955 1.387 0.964 0.65 0.602 0.745 1.465 0.534 0.665 1.285 0.83 1.089 0.81 1.086 1.141 1.212 1.071 1.398 0.599 0.937 0.576 0.859 0.655 1.36 1.021 1.142 1.097 0.857 0.804 0.5 1.084 0.611 0.739 0.548 0.762 0.842 1.145 1.079 0.876 1.311 1.216 0.558 1.252 0.527 1.496 0.894 1.239 1.419 1.144 0.691 0.856 0.572 1.05 1.011 1.433 0.571 1.005 1.03 1.281 1.309 1.382 0.865 1.421 0.622 0.913 1.035 0.964 0.91 0.966 0.692 0.721 0.683 1.102 1.474 1.062 1.45 0.868 1.153 1.369 0.512 1.344 0.726 0.585 0.894 0.589 0.87 1.318 1.447 1.4 1.099 0.608 1.283 0.816 0.881 0.757 0.581 0.768 
0.573 0.991 1.235 1.117 1.213 0.77 0.719 1.187 1.332 0.669 0.907 1.337 0.89 1.271 1.182 1.468 0.708 0.928 0.558 1.078 0.746 0.857 1.331 1.345 0.965 1.466 0.661 0.699 0.723 1.094 0.967 1.148 0.586 1.054 0.765 1.299 0.676 1.336 1.338 0.508 0.857 1.097 1.346 1.247 1.22 1.38 1.216 1.429 0.808 0.626 1.359 1.055 0.983 0.542 1.252 0.8 0.508 0.766 0.999 1.083 1.36 0.819 0.731 1.446 0.725 1.348 0.597 0.902 1.184 0.787 0.91 0.541 1.384 1.108 0.641 1.105 1.34 1.357 1.386 0.649 1.483 1.245 0.556 1.318 1.288 1.308 0.618 0.648 0.926 1.47 1.232 0.787 1.141 0.815 1.085 1.366 1.016 1.183 0.768 1.052 
0.822 0.531 1.446 0.707 1.139 0.587 0.664 1.332 1.444 0.55 1.481 0.779 0.647 0.537 0.597 0.787 0.697 1.067 0.936 1.124 1.389 1.02 1.411 1.03 0.687 1.348 0.897 1.203 1.383 1.165 0.756 0.706 1.196 0.702 0.913 1.188 1.141 1.429 1.02 1.085 0.831 1.353 0.716 1.33 0.742 1.165 0.618 0.939 0.732 1.054 0.915 0.622 0.926 0.826 1.152 1.113 1.027 0.901 1.169 0.91 0.567 0.777 1.116 0.615 1.331 0.881 1.303 0.972 0.81 1.175 0.909 1.493 1.028 1.125 1.324 1.27 0.79 1.442 0.71 1.374 1.348 1.125 0.848 0.774 0.804 0.853 0.739 0.683 1.254 0.76 1.093 0.673 1.037 0.71 0.789 0.868 1.443 0.592 1.34 0.754 
1.268 1.101 1.099 1.148 0.726 0.923 0.919 1.368 1.217 1.481 0.595 1.065 1.458 0.943 0.691 0.762 1.296 1.283 0.945 1.403 0.543 0.891 0.576 1.081 1.453 0.865 0.801 1.396 0.958 0.994 1.002 1.078 0.595 0.602 0.726 1.174 1.377 1.497 1.042 1.095 1.478 1.137 1.012 1.437 0.581 0.556 1.051 0.729 1.339 0.849 0.632 0.734 1.24 0.709 0.667 1.193 1.074 0.969 1.089 0.884 1.463 0.592 0.814 0.91 1.046 1.393 0.584 0.923 1.39 1.127 0.518 1.369 1.116 1.031 1.306 0.549 1.439 0.857 0.779 1.278 1.206 1.263 0.512 1.298 1.472 0.68 0.991 1.399 0.501 0.933 1.135 0.816 1.025 0.802 1.226 0.923 0.695 1.311 1.346 0.585 
1.29 1.365 1.454 0.906 1.248 0.612 0.956 1.187 1.322 0.587 1.317 1.38 1.35 1.329 1.179 0.675 0.861 1.022 0.926 0.862 1.455 0.561 1.178 1.332 0.863 1.257 0.755 1.41 1.068 0.602 1.496 1.21 0.819 0.802 0.616 0.919 0.915 1.424 0.958 1.089 0.863 0.775 0.969 1.066 0.956 0.648 1.241 0.67 1.171 1.019 1.032 1.126 1.08 1.063 0.959 0.796 0.82 0.566 1.058 0.74 0.668 1.054 1.45 1.339 0.709 0.918 0.758 1.476 1.195 0.568 1.065 0.558 0.843 0.534 1.124 0.652 0.683 1.217 0.822 1.354 0.736 0.706 1.332 0.669 1.269 1.143 1.317 0.941 1.21 0.875 1.181 0.73 0.782 1.131 0.922 0.991 0.55 1.18 0.967 1.245 
0.601 0.532 0.655 1.296 0.566 0.632 1.448 0.749 1.349 1.122 0.955 0.938 1.329 0.788 1.107 1.45 1.431 0.924 0.892 1.493 0.651 0.925 0.724 0.933 0.557 1.146 1.424 0.959 1.178 0.891 1.056 0.631 0.923 0.563 1.428 1.342 0.695 0.728 0.591 0.897 1.351 1.047 1.335 0.532 0.687 0.942 0.834 0.97 0.718 0.578 0.964 0.869 1.004 0.54 0.655 1.413 0.538 0.579 0.872 1.216 1.323 0.78 0.7 0.746 0.843 0.628 0.588 1.039 0.856 1.032 1.436 0.707 0.931 1.271 1.091 1.118 1.065 1.426 0.588 0.635 0.504 1.404 1.356 1.36 1.444 0.511 1.273 1.482 0.943 0.997 0.551 0.766 1.277 0.751 1.012 0.621 0.879 1.453 0.512 0.587 
1.337 0.8 0.795 0.768 0.923 0.738 1.386 1.488 0.664 0.826 0.975 1.021 0.731 1.183 0.881 0.675 1.195 0.655 1.01 0.638 0.504 1.061 1.256 1.282 0.664 1.12 0.755 1.395 1.073 0.767 1.482 0.91 1.419 1.129 0.53 0.842 1.368 1.416 1.182 0.884 1.095 0.657 1.405 1.326 1.34 1.139 0.853 1.387 0.646 1.363 0.877 0.65 1.276 0.633 0.784 0.792 1.254 1.039 0.687 1.179 0.658 0.67 0.942 0.577 0.651 0.972 0.919 0.519 1.241 0.601 1.256 0.836 1.11 0.513 0.662 1.303 1.152 1.367 1.19 0.65 1.231 0.92 0.801 1.359 1.053 1.085 0.652 1.159 0.977 1.191 0.839 1.487 0.713 1.281 0.565 0.865 0.753 1.336 1.236 1.494 
0.79 0.992 0.83 0.752 1.006 1.344 0.555 1.01 1.212 0.598 1.161 1.295 1.018 0.814 1.154 0.571 0.751 0.658 0.583 1.228 1.35 0.922 1.216 0.563 1.055 0.633 1.28 1.308 0.821 1.017 0.655 1.463 0.509 1.337 0.716 1.367 0.534 1.123 1.23 1.246 1.221 0.891 1.393 0.739 1.205 1.399 1.163 1.456 0.558 1.246 0.537 0.76 1.02 0.605 0.823 0.575 1.09 0.604 0.735 1.411 1.473 1.242 0.727 0.834 1.08 1.295 0.702 1.466 0.918 0.784 1.212 0.64 1.175 1.457 1.231 1.232 1.356 0.894 1.188 1.414 0.992 0.577 0.674 0.864 0.682 1.35 0.939 1.272 0.806 0.527 0.536 0.779 1.269 0.763 1.113 1.201 0.558 0.667 1.167 0.976 
0.951 1.231 1.468 0.978 1.188 1.2 0.71 1.045 0.946 0.751 1.311 0.791 0.828 0.838 1.155 1.011 1.04 0.947 1.135 1.346 0.974 1.171 0.977 1.095 1.434 0.942 0.797 0.844 1.462 0.816 0.673 1.265 0.548 0.641 0.744 0.588 1.341 1.306 1.485 1.14 0.909 0.649 1.431 1.238 0.987 1.438 1.101 0.879 0.885 0.736 0.725 0.711 1.408 0.554 0.659 0.694 0.996 1.308 1.391 1.31 0.624 0.564 1.076 1.024 0.705 0.672 1.465 0.899 1.478 1.45 0.539 0.888 0.599 0.822 0.978 1.438 0.76 0.579 0.817 1.498 1.167 1.394 1.061 1.427 1.448 1.22 0.622 1.297 1.028 0.865 1.107 1.153 0.929 1.035 1.029 1.134 1.207 0.994 0.885 0.538 
1.297 0.924 1.278 1.396 0.598 0.756 0.687 1.211 1.187 1.004 0.561 1.206 1.251 1.122 1.134 0.551 0.843 0.608 1.348 0.723 0.973 1.308 0.728 1.402 1.195 1.258 1.388 1.255 1.104 0.774 1.293 0.901 1.198 1.423 1.15 0.649 1.031 1.337 1.36 0.718 1.193 1.421 1.424 0.944 1.395 1.41 0.996 0.738 0.518 1.196 1.314 0.991 1.356 0.542 0.893 1.052 0.652 1.134 1.159 1.257 1.408 0.952 0.658 1.458 1.227 1.308 0.607 0.758 1.497 0.819 1.328 1.191 0.74 0.604 0.987 0.988 0.515 1.483 1.226 0.533 0.532 1.392 1.377 0.74 1.435 1.122 1.292 0.587 0.756 0.951 1.344 0.664 0.755 0.855 0.623 1.482 1.015 0.73 0.74 1.013 
1.402 0.92 0.704 0.642 1.025 1.191 1.13 1.04 0.527 1.209 1.425 0.911 1.453 1.302 1.151 1.388 0.925 1.296 1.476 0.533 1.099 0.672 0.698 1.355 1.379 1.173 0.689 0.895 0.755 1.282 1.408 0.657 0.702 0.964 1.152 1.227 1.007 1.134 1.119 1.386 1.195 1.045 0.797 1.149 1.199 0.801 1.037 0.976 0.597 1.365 1.01 1.196 0.89 0.56 1.403 0.769 1.233 0.593 1.164 1.488 0.727 1.424 0.646 0.929 1.24 0.65 1.009 0.748 1.284 0.98 0.634 0.98 0.525 1.284 0.629 1.225 0.585 0.518 1.053 0.682 1.384 0.563 0.73 0.774 0.975 0.634 1.395 0.708 0.727 1.06 1.049 0.954 1.336 0.547 0.735 1.077 0.697 0.596 1.325 0.833 
1.077 0.811 1.313 1.102 0.947 1.442 1.179 1.384 0.813 1.085 0.566 0.697 1.148 1.149 1.323 0.976 1.283 1.218 1.184 0.862 1.13 1.085 1.316 0.967 1.484 0.903 0.544 0.681 1 0.721 1.015 0.577 1.384 1.18 0.531 1.184 1.475 0.563 1.068 0.788 0.5 1.487 0.985 1.148 1.136 1.16 0.976 0.919 0.878 1.013 1.281 0.861 0.598 1.449 1.328 0.583 0.852 0.724 1.116 0.704 1.297 0.983 1.133 0.533 0.664 0.517 1.217 0.991 0.932 0.786 1.279 0.932 0.773 1.116 0.932 1.409 0.776 1.409 0.828 0.506 0.922 0.961 0.867 1.372 0.91 1.047 1.455 1.262 0.623 1.424 0.819 1.42 0.907 1.452 0.806 1.423 0.821 0.523 1.266 1.253 
0.809 1.045 0.685 1.082 1.013 1.47 1.343 0.641 1.379 1.023 0.648 0.801 1.484 1.367 0.673 0.894 1.267 0.981 1.009 1.39 1.257 1.328 0.663 1.016 0.632 0.969 1.292 1.306 0.992 1.058 1.059 0.654 0.604 0.597 0.588 1.469 0.567 1.432 0.611 0.798 0.955 0.759 1.451 0.94 0.978 0.976 0.686 0.745 1.457 1.195 0.988 0.566 1.375 1.151 1.083 0.508 0.972 0.875 1.314 0.816 1.433 1.225 0.97 0.889 1.322 1.411 0.859 0.741 0.695 1.322 1.039 1.15 0.933 0.99 0.942 1.411 1.467 1.129 1.009 0.776 0.824 1.497 0.843 1.052 0.5 1.426 1.06 1.324 1.153 1.226 0.64 1.086 0.951 1.463 0.828 1.126 0.726 0.539 0.719 0.921 
1.361 1.259 0.923 0.794 1.101 1.366 0.705 1.068 1.347 0.566 0.697 1.023 0.915 1.04 0.575 0.915 1.318 1.487 1.091 0.971 1.213 0.584 0.909 1.017 0.899 1.237 0.995 1.125 1.276 1.214 0.546 1.137 0.973 1.321 0.783 0.927 0.539 0.989 1.495 1.386 1.407 1.044 1.262 0.823 0.584 1.337 0.59 0.754 1.325 1.182 1.225 1.39 1.266 0.987 0.907 1.017 0.724 1.402 0.642 0.853 1.469 1.04 0.842 0.942 0.861 1.126 1.369 0.901 0.615 0.717 1.139 0.522 0.613 0.901 1.197 1.05 1.091 1.288 1.304 0.916 0.97 1.382 1.158 1.088 0.869 0.918 0.605 1.445 1.172 1.099 0.798 1.141 0.991 1.141 0.936 0.704 0.767 0.805 1.457 1.234 
1.374 1.097 0.608 0.84 0.85 1.306 1.39 1.441 1.094 1.194 1.209 0.916 1.428 1.22 0.856 0.797 0.638 1.313 0.743 1.31 1.264 1.393 0.952 0.755 1.034 1.388 1.311 1.301 1.045 1.269 1.387 1.272 1.218 1.496 0.612 0.568 1.302 0.502 0.862 1.248 0.548 0.571 1.016 1.477 1.291 0.724 1.126 0.781 0.889 0.721 0.592 0.653 0.615 1.396 1.26 1.149 1.284 1.071 1.303 1.181 0.84 1.19 1.305 0.558 0.538 1.417 0.979 1.34 0.771 1.341 1.44 1.172 0.764 1.308 1.149 0.908 0.532 1.127 1.189 0.921 1.349 0.633 1.426 1.464 0.529 1.186 1.465 0.665 1.11 0.62 1.347 0.802 0.663 1.152 0.861 0.701 1.422 0.692 0.894 0.693 
0.533 0.834 1.365 1.149 0.995 1.366 0.909 1.379 1.346 0.599 0.801 1.195 1.084 1.079 0.511 1.114 1.118 0.828 1.279 0.728 0.949 1.478 1.03 1.464 1.483 0.743 0.665 1.405 0.935 1.059 0.95 1.32 0.746 1.168 1.322 1.241 1.386 0.731 1.12 1.232 1.182 0.773 1.279 0.767 0.705 0.642 0.733 1.323 0.971 0.864 0.903 0.772 1.195 1.433 0.736 1.178 1.029 0.901 1.435 0.816 0.813 0.885 0.989 1.059 0.905 1.163 1.152 1.144 1.394 1.124 0.876 1.429 1.398 1.008 1.048 0.603 1.15 1.281 0.778 0.973 0.997 1.181 1.245 0.692 1.466 0.833 1.37 1.347 0.587 1.305 0.664 0.9 1.043 0.505 0.811 0.8 1.168 1.463 1.444 1.414 
1.087 1.173 0.695 1.337 1.033 1.243 0.792 0.683 1.376 1.07 1.157 0.874 0.751 1.254 1.418 1.07 0.94 1.289 0.917 1.027 1.446 1.081 0.779 1.341 1.438 1.442 0.994 1.106 0.757 1.29 1.373 1.344 0.963 0.568 0.534 1.496 0.664 0.826 1.032 0.892 0.749 1.041 1.266 1.352 1.147 1.185 0.922 0.587 1.326 1.34 1.466 0.624 1.273 1.097 0.818 0.564 1.039 1.312 0.522 1.296 1.102 1.395 1.493 0.918 0.816 0.527 0.914 0.98 1.205 0.798 1.372 0.806 1.339 1.491 0.659 1.339 0.528 1.081 0.778 0.706 1.273 0.745 0.83 1.399 1.342 1.148 1.463 0.882 0.96 1.485 1.03 0.915 0.733 1.023 1.333 1.049 1.402 1.099 0.881 1.108 
1.398 1.105 1.414 0.589 1.448 0.925 1.428 1.476 0.507 0.707 0.682 0.632 1.304 1.365 0.531 1.498 1.013 0.846 0.88 0.826 0.832 1.411 0.593 1.065 1.286 1.426 0.966 1.189 1.025 1.347 0.797 1.275 0.952 1.063 1.365 0.901 1.489 0.645 1.229 0.848 1.204 0.764 1.332 1.008 0.629 0.716 1.007 1.494 1.062 0.739 1.172 0.746 1.002 1.265 1.311 0.789 1.191 0.777 1.478 1.069 0.976 1.127 0.844 0.781 1.042 1.061 1.182 1.383 1.207 1.263 1.083 0.911 0.527 0.916 0.772 1.008 1.484 0.631 1.003 1.046 1.222 1.027 1.293 0.725 0.793 1.456 1.366 0.836 1.086 1.344 1.405 0.562 1.323 0.75 0.843 1.217 1.311 0.877 1.101 1.37 
0.641 1.036 1.134 1.02 0.804 0.758 0.529 0.788 0.889 1.384 1.335 0.611 0.911 1.48 1.188 1.204 0.788 1.054 0.541 1.374 1.25 0.798 0.789 1.425 1.4 1.132 1.143 0.564 0.862 1.096 1.434 1.355 0.632 1.068 0.875 0.937 0.678 1.256 1.225 1.067 1.14 1.412 0.531 0.904 0.744 1.219 0.608 1.033 1.126 1.001 0.907 0.876 0.652 1.196 0.802 0.552 1.181 0.797 0.616 0.895 1.393 0.903 0.75 0.525 1.471 1.477 1.314 0.65 0.586 1.392 0.569 0.578 1.304 0.952 0.982 0.901 0.672 1.443 1.434 0.65 0.944 1.193 1.026 1.448 1.242 0.68 0.501 1.275 0.977 0.969 0.67 0.87 1.372 1.272 1.248 0.696 1.249 1.062 1.198 0.687 
0.954 1.267 0.766 1.111 1.072 1.248 0.512 1.244 1.191 0.798 1.394 0.988 1.491 1.272 0.936 1.233 1.453 1.289 1.36 1.282 0.759 0.53 1.005 0.631 1.302 0.753 0.827 1.404 0.667 0.525 0.591 1.122 0.645 0.857 1.085 1.217 0.606 1.097 1.313 0.649 1.395 0.559 1.137 0.738 0.683 0.574 0.824 0.988 1.363 0.684 0.771 0.974 0.715 1.276 1.106 0.869 0.881 0.785 0.773 1.048 1.163 1.217 1.022 1.308 0.574 0.959 1.377 1.032 0.556 1.19 1.182 0.803 0.601 1.171 1.394 0.784 1.245 0.718 1.273 1.461 0.902 0.896 0.935 1.117 1.024 0.893 0.839 1.405 1.179 1.112 1.305 0.842 0.829 1.18 1.002 1.256 0.639 0.879 1.14 1.048 
0.921 1.174 1.351 1.374 0.846 1.245 0.658 0.943 0.815 0.783 0.904 1.218 1.179 0.692 1.187 0.703 1.437 0.526 0.96 1.116 1.491 0.766 0.81 1.172 1.446 1.312 0.928 0.937 1.043 0.921 1.485 0.816 0.595 0.689 0.69 0.941 0.786 0.849 1.385 1.102 1.484 1.141 0.82 1.164 0.685 0.859 0.719 0.623 1.238 0.532 0.591 1.229 1.15 1.254 0.901 1.448 1.066 0.682 0.885 0.962 1.103 0.871 1.278 0.55 1.06 1.469 0.992 1.346 1.17 1.229 1.3 1.154 1.222 0.972 1.17 1.408 1.332 0.742 0.883 1.07 0.774 1.326 0.799 1.424 1.08 0.552 0.724 0.647 0.734 1.109 1.461 0.689 1.48 1.239 0.74 1.392 0.56 0.584 0.591 1.23 
1.313 1.391 1.237 1.035 0.864 1.259 1.295 0.696 0.501 1.03 0.618 1.127 0.857 1.269 1.403 1.437 1.321 0.627 0.936 0.908 1.237 0.897 1.097 0.569 0.989 0.689 1.462 1.049 0.773 0.905 1.132 0.938 0.796 1.221 0.826 0.512 0.98 0.973 1.06 0.982 0.504 1.178 0.609 0.861 0.947 0.513 1.15 0.769 0.992 0.587 0.529 0.729 1.336 1.126 1.151 0.825 0.668 1.465 0.727 1.293 0.87 0.711 0.732 0.518 1.432 1.058 0.531 0.912 0.531 1.091 1.394 0.535 1.122 0.856 1.248 0.569 1.221 0.899 1.19 0.713 1.338 1.219 1.295 1.174 1.198 0.946 0.852 0.718 0.911 1.431 0.511 1.281 0.642 0.743 1.299 0.574 0.653 0.682 1.338 0.685 
0.626 0.585 1.072 1.248 0.941 1.173 0.669 1.014 0.924 0.712 1.227 0.762 0.783 1.022 0.788 1.481 0.82 1.14 1.051 1.231 1.423 1.063 1.012 0.565 1.306 1.164 0.991 0.812 1.346 1.182 0.997 0.824 1.267 0.921 0.572 1.06 0.946 1.094 0.574 1.37 1.306 0.653 0.632 0.589 0.528 1.273 0.923 0.848 0.913 1.474 0.58 1.189 1.037 1.444 1.254 1.196 1.46 1.098 0.508 0.659 0.78 1.357 0.983 0.899 1.13 1.408 1.459 0.577 1.002 0.533 1.447 0.808 0.686 0.932 0.897 1.066 0.705 1.32 1.415 1.47 1.295 0.847 1.159 1.184 1.143 1.266 0.88 1.104 0.864 1.24 1.263 1.496 1.097 1.098 0.895 0.728 1.006 0.854 1.157 0.508 
1.239 1.104 0.816 0.777 0.536 0.566 1.344 1.093 1.386 0.611 1.064 0.533 0.958 0.723 1.218 0.601 1.489 0.95 0.557 1.205 0.691 0.672 0.553 0.64 1.271 0.948 0.868 0.777 0.654 0.877 1.138 1.393 1.482 0.806 0.671 0.87 0.872 0.867 1.464 1.111 0.978 1.38 1.496 0.788 0.603 0.566 1.241 0.945 1.017 0.651 1.002 0.56 0.823 1.056 0.7 0.594 0.504 1.421 1.224 0.659 0.798 1.214 0.904 1.132 0.52 1.427 0.503 1.245 0.794 0.819 1.208 0.624 1.051 1.204 1.264 0.506 0.623 1.358 0.951 1.14 0.509 0.806 1.2 0.832 1.362 0.752 1.279 0.718 0.673 1.355 1.229 0.972 1.421 0.634 0.604 0.793 0.913 0.959 0.538 0.56 
0.63 0.598 0.684 1.181 0.655 0.801 1.188 0.778 0.659 0.991 0.77 0.668 1.297 0.822 1.352 1.159 1.074 1.483 1.378 1.248 0.69 1.459 1.072 0.611 0.593 1.176 0.905 1.007 0.988 1.295 1.067 1.118 1.394 0.603 0.8 0.549 0.904 0.84 1.179 1.415 1.331 1.449 0.935 1.481 1.123 1.14 1.14 0.697 1.123 1.37 1.445 0.666 1.33 1.017 0.777 0.775 1.046 0.534 0.634 0.534 1.33 1.201 1.152 0.576 0.657 0.804 0.977 1.413 1.496 0.656 0.681 1.328 0.957 1.116 0.661 0.58 0.756 0.653 0.777 0.732 0.876 1.075 0.898 0.706 0.944 0.527 1.333 1.49 0.562 1.468 0.876 1.392 0.521 0.881 1.468 1.03 0.537 0.945 0.944 0.534 
1.453 1.125 0.714 0.91 1.093 0.875 0.99 1.35 1.028 0.619 0.934 1.404 0.546 0.684 0.962 0.991 0.711 1.148 1.333 0.773 1.468 0.71 0.665 1.489 1.443 0.985 1.372 1.48 0.782 0.816 0.866 0.735 0.793 1.08 1.145 1.386 0.807 0.987 0.588 0.688 1.459 1.374 0.592 0.505 0.558 1.407 0.996 0.77 1.407 1.182 1.043 1.375 0.744 0.561 0.716 0.687 1.046 0.588 1.019 0.681 1.256 1.386 0.916 0.549 1.318 0.914 0.788 0.626 1.401 1.228 0.814 1.36 1.103 1.258 0.718 0.513 0.517 1.214 0.783 1.424 0.896 0.679 0.651 1.14 1.092 0.868 0.679 0.99 0.956 1.199 1.171 0.713 1.437 0.588 1.114 1.255 1.002 0.754 0.733 1.255 
1.483 1.399 1.468 1.438 1.158 0.686 1.451 0.527 0.752 1.087 0.804 1.149 1.266 0.955 1.141 0.858 1.323 0.673 1.348 1.132 1.372 1.02 0.697 0.661 1.46 0.663 1.416 0.962 0.918 0.65 1.069 1.253 0.901 1.037 1.191 0.911 1.223 1.494 0.939 1.476 1.081 1.243 1.477 1.199 1.05 1.47 0.909 1.226 0.643 1.11 0.858 0.867 0.982 1.055 1.028 0.942 1.218 1.297 0.756 0.988 0.799 1.325 0.741 1.2 0.863 0.784 0.612 0.938 0.779 1.051 1.266 0.712 1.146 1.243 0.764 1.048 1.214 1.173 0.774 0.709 1.135 1.132 1.077 0.617 1.039 0.957 1.411 1.11 0.754 1.019 0.598 1.053 0.845 1.192 1.106 0.56 1.476 1.218 1.35 0.755 
1.121 1.117 1.32 1.119 0.86 0.584 0.667 0.926 0.609 0.942 1.136 1.245 0.926 1.065 1.362 0.818 0.522 0.626 1.428 0.777 1.145 0.878 0.682 0.842 0.57 1.288 1.254 0.547 1.358 1.105 1.154 0.979 1.074 0.974 0.95 1.434 1.41 1.118 1.213 0.52 0.912 1.201 1.265 1.338 0.766 1.479 0.656 1.14 0.605 0.936 0.769 0.603 1.315 0.952 0.945 0.737 1.092 1.052 0.784 0.951 0.657 0.791 0.782 1.231 0.617 1.233 0.517 0.528 1.203 0.582 0.548 0.615 1.283 1.313 0.805 0.549 1.292 1.314 1.19 0.75 1.102 0.811 1.205 0.917 1.263 0.65 0.507 1.208 0.554 0.791 1.011 0.711 1.434 0.645 0.794 0.552 0.73 1.164 0.58 1.433 
1.246 0.628 0.9 1.03 0.793 0.558 1.431 0.937 0.724 1.473 0.539 1.326 0.785 1.244 1.096 0.9 0.747 1.103 0.608 0.801 0.746 1.471 1.013 0.681 0.617 0.659 0.733 0.847 1.323 1.165 1.133 1.422 0.645 0.885 0.952 0.938 0.943 1.235 1.375 1.167 1.209 1.415 0.994 0.846 0.511 0.942 1.246 0.758 0.545 0.707 1.06 1.143 0.678 0.925 1.324 1.147 1.084 0.909 1.495 1.26 0.926 1.48 1.182 1.071 0.865 0.986 0.509 0.661 0.721 0.737 1.328 0.782 1.004 1.174 1.128 1.015 0.968 1.227 1.274 1.013 1.434 0.834 0.657 0.964 1.259 0.833 0.612 1.195 0.595 0.959 1.307 1.021 1.291 0.989 0.593 0.656 0.827 0.954 0.817 1.401 
1.191 0.998 0.683 0.695 1.024 0.664 0.563 1.493 1.391 1.337 1.358 0.677 1.023 0.867 1.493 1.134 1.201 0.605 0.829 0.648 1.416 0.989 1.169 1.207 0.83 0.614 1.364 1.158 1.069 1.033 1.411 0.76 0.883 0.594 1.308 1.408 1.11 1.371 0.753 1.353 1.208 0.611 0.53 1.083 0.979 0.876 0.717 1.032 0.981 1.398 1.18 0.898 0.887 1.201 0.957 0.57 1.316 1.173 1.228 0.885 0.707 1.139 1.497 1.442 0.585 1.305 1.35 0.548 1.176 0.603 1.401 1.236 1.067 0.784 0.819 0.898 1.16 1.388 1.43 0.641 0.639 1.462 1.391 1.026 1.163 1.201 1.448 1.331 0.874 1.176 1.068 1.081 1.167 1.066 1.024 0.605 0.871 1.226 0.653 0.9 
0.682 0.554 0.988 0.601 0.838 0.66 0.999 0.85 0.548 0.929 1.344 1.039 1.243 0.587 0.918 0.906 1.288 0.866 1.09 0.663 0.543 0.658 0.596 0.562 0.576 1.472 1.019 1.3 1.199 1.172 0.7 0.733 0.579 0.54 0.834 1.269 0.7 1.333 0.62 1.101 1.114 1.464 0.64 0.857 0.551 1.058 0.615 1.34 1.425 1.205 0.855 0.82 0.716 0.951 1.234 0.792 0.924 0.754 0.592 0.975 1.426 1.144 1.208 0.505 1.185 0.894 1.275 1.385 0.727 0.747 1.338 1.341 0.711 1.479 0.698 1.114 1.389 1.165 1.306 0.666 0.871 0.661 0.986 1.087 1.465 1.073 1.379 0.889 1.327 0.824 1.364 0.605 1.468 1.424 0.963 1.153 0.818 1.09 1.391 1.397 
1.337 1.229 1.238 0.9 1.208 0.788 0.866 1.45 1.453 0.673 0.616 1.176 1.186 1.455 1.115 1.151 1.028 1.347 0.892 0.855 0.671 1.108 1.312 0.639 1.384 0.775 1.293 0.702 1.365 0.536 0.599 1.202 1.265 0.689 0.954 1.326 1.329 1.321 1.276 0.635 1.494 1.392 1.311 0.532 1.347 0.927 0.536 1.227 0.774 0.928 0.582 1.297 0.889 1.395 1.436 0.773 1.022 0.581 1.328 0.888 0.617 1.427 0.942 0.735 0.969 1.397 0.561 0.798 1.218 0.689 1.285 0.564 0.933 1.097 0.948 1.133 0.876 0.984 0.86 0.502 0.765 1.295 1.299 1.154 0.542 0.587 1.427 1.064 1.021 1.255 1.452 1.49 0.535 0.895 0.725 1.356 1.144 1.138 1.006 0.862 
1.327 0.792 1.278 0.761 0.741 0.726 1.394 1.117 0.563 0.754 1.471 0.828 0.549 1.27 0.834 0.591 0.709 0.761 0.508 1.23 0.869 1.46 1.221 1.256 1.207 0.798 1.464 1.203 1.437 0.97 0.917 1.264 0.614 0.695 0.877 0.855 1.274 0.771 0.824 1.337 1.378 0.795 1.017 1.427 0.917 1.351 0.871 1.479 0.964 0.879 1.209 0.685 1.191 1.282 1.441 1.251 0.933 1.405 1.306 0.87 1.228 0.724 0.986 1.342 1.271 1.364 0.698 1.045 0.635 1.374 1.234 0.865 0.67 0.751 0.793 1.439 0.602 0.516 1.418 1.067 1.247 1.48 1.252 1.29 0.614 0.546 1.393 1.047 0.803 1.2 0.769 0.883 0.776 1.256 0.726 0.547 1.472 1.276 1.445 0.959 
1.15 0.531 1.325 0.672 0.783 0.97 0.964 1.237 0.986 0.882 1.156 1.085 1.214 1.261 0.875 1.329 0.659 1.121 0.876 1.314 1.173 1.146 0.698 1.449 1.254 1.276 1.496 1.226 1.052 0.793 0.685 1.054 0.825 0.862 0.579 1.46 1.332 1.043 1.197 0.818 0.777 1.206 0.755 1.492 1.319 1.483 1.321 1.478 1.104 1.049 1.292 0.777 0.695 1.49 0.726 0.801 1.266 1.074 0.527 1.17 0.72 1.065 1.077 1.045 1.427 1.156 1.005 1.26 1.051 1.054 0.93 0.68 1.112 1.186 0.672 0.931 1.169 0.845 0.909 1.125 1.395 1.054 1.402 0.942 1.044 0.98 1.244 1.163 0.906 0.623 1.185 1.126 0.54 0.762 0.671 0.82 0.77 0.528 0.58 0.673 
1.435 1.362 0.854 1.047 1.048 1.378 1.479 1.069 1.076 1.24 0.694 0.971 0.794 0.948 0.765 0.691 0.78 0.861 0.706 1.187 0.985 1.391 0.813 1.377 1.006 1.337 0.697 0.628 0.717 1.129 1.154 0.652 0.992 0.86 0.552 0.892 0.738 0.883 0.814 0.666 0.623 1.008 1.137 1.27 0.809 0.755 0.813 1.089 1.116 1.019 1.128 0.953 1.262 0.794 0.831 0.768 0.983 1.38 1.249 1.2 1.01 0.903 0.705 0.502 1.263 1.109 1.246 0.853 1.492 0.56 1.02 0.967 1.421 1.009 1.089 0.73 1.264 1.402 0.671 1.233 1.273 1.3 1.038 1.036 0.946 1.369 0.656 1.429 0.602 1.405 1.481 1.112 1.16 0.686 1.466 0.923 0.647 1.212 0.629 0.991 
1.273 1.149 1.459 1.194 1.01 1.4 0.776 1.127 1.303 0.947 0.86 1.428 1.099 1.398 0.964 0.545 0.62 1.121 0.826 0.722 1.378 0.808 0.686 1.391 1.346 0.652 1.166 1.494 1.364 1.295 0.985 1.489 1.296 1.296 0.535 0.807 1.197 0.811 1.434 1.352 0.611 1.146 1.28 0.562 1.044 1.097 0.96 0.516 1.07 1.286 1.09 1.3 0.594 1.276 1.191 0.793 0.78 0.858 1.139 0.645 1.005 0.624 0.986 0.802 0.773 1.022 1.461 0.822 1.333 0.747 1.026 0.796 1.393 1.158 0.859 1.289 0.755 1.319 0.658 0.677 1.105 1.248 1.478 0.552 1.025 0.521 0.845 1.305 1.231 1.484 0.802 0.737 0.96 1.289 1.039 0.585 1.163 1.352 0.907 0.996 
0.599 0.785 1.293 1.492 1.444 1.004 0.633 1.051 0.823 0.791 1.229 1.428 0.54 0.559 0.832 1.417 0.58 0.529 0.574 1.312 0.865 1.229 0.901 1.326 1.37 1.44 1.411 1.033 0.644 1.171 0.881 0.743 1.456 1.026 1.087 0.752 0.53 1.22 1.304 0.853 0.864 1.385 1.134 0.904 1.444 1.466 1.173 0.876 1.496 1.247 1.04 0.861 0.976 1.441 1.039 0.846 0.733 1.303 0.731 0.877 1.326 1.113 1.472 0.634 0.639 1.059 0.887 1.022 1.132 0.691 1.375 1.496 0.928 1.009 1.252 0.872 1.328 0.925 0.6 0.676 1.024 1.493 1.389 0.501 1.434 1.281 1.199 1.02 1.084 0.783 1.397 1.262 1.396 0.722 1.396 0.887 0.633 0.783 1.409 1.265 
1.326 0.637 0.613 0.754 1.498 1.365 1.478 1.326 0.79 0.931 0.854 1.315 0.924 0.744 0.668 0.858 0.525 0.719 0.73 1.461 1.002 0.98 1.223 1.25 1.202 1.119 0.99 1.335 0.755 1.251 1.101 0.581 1.388 1.214 1.188 1.387 1.432 1.166 0.565 0.722 0.597 0.92 0.889 1.373 1.164 1.409 1.084 0.541 0.629 1.314 0.502 1.483 0.794 0.577 0.586 1.496 1.196 1.076 0.684 0.803 0.827 0.637 0.885 0.716 0.703 0.573 0.955 0.635 0.591 1.02 1.21 1.041 1.44 0.951 0.914 1.456 0.861 1.498 0.849 1.342 1.313 1.203 1.325 0.607 1.28 0.763 0.956 1.329 1.339 1.492 0.632 0.667 0.629 1.369 1.235 0.832 1.442 1.042 0.968 0.886 
0.562 1.03 1.427 0.855 1.481 1.193 1.163 0.842 1.192 0.513 1.036 1.357 1.216 1.214 0.816 1.349 1.477 0.624 1.178 1.317 0.616 0.662 0.836 0.745 0.532 0.923 1.078 0.826 1.465 0.898 1.212 0.527 1.428 1.491 1.234 0.761 1.185 0.898 1.104 1.229 1.263 0.64 1.086 0.979 0.706 0.754 1.18 0.684 0.879 0.858 0.501 0.995 1.021 1.189 1.241 1.053 0.612 1.171 0.731 0.929 0.921 1.444 1.308 1.201 0.787 1.043 1.462 0.824 0.793 1.418 0.905 0.556 0.911 1.491 1.387 1.117 1.098 1.068 1.301 1.477 0.778 0.654 0.972 1.299 1.343 1.065 1.204 0.807 1.088 0.788 1.236 0.509 1.084 1.397 1.21 1.371 0.94 1.173 1.048 0.585 
1.091 1.453 0.641 0.854 0.797 0.88 1.472 1.395 1.448 1.273 1.372 1.079 0.78 1.196 1.23 0.623 0.762 1.287 1.283 0.702 0.575 1.371 0.712 1.159 1.268 1.422 1.382 1.06 1.447 0.93 1.145 1.391 0.884 0.638 0.745 1.181 1.019 0.717 1.076 1.319 0.843 1.3 0.898 1.123 1.348 0.629 0.598 0.962 1.416 0.733 1.165 1.491 0.605 1.377 0.502 1.373 0.651 1.384 1.286 0.599 1.167 0.931 0.842 0.551 1.07 1.087 0.584 0.589 0.657 0.512 0.76 1.352 1.312 1.159 0.975 1.16 0.64 1.425 0.623 0.556 0.659 1.288 0.899 0.764 0.517 1.253 0.989 0.668 1.137 0.775 1.119 0.804 0.559 1.461 1.207 1.129 1.401 1.291 0.57 0.558 
1.303 0.83 1.41 1.467 0.841 1.237 1.48 0.981 0.514 0.955 1.037 0.673 1.095 0.788 1.289 1.112 0.541 0.779 1.28 0.531 1.406 1.252 1.187 1.465 1.213 0.895 1.094 1.114 1.038 0.516 0.524 1.194 1.199 0.786 0.513 0.54 0.875 1.493 1.022 0.89 0.948 0.911 1.415 0.543 1.2 1.205 0.507 0.593 1.484 1.288 0.624 0.742 1.392 1.312 0.708 1.105 1.059 0.654 1.072 0.949 0.671 1.448 0.643 1.37 1.087 1.009 0.762 1.462 1.002 1.284 1.204 0.803 0.696 1.12 1.198 1.396 0.825 1.206 0.841 1.161 1.346 0.966 1.403 1.238 1.13 0.963 1.195 1.041 1.118 0.767 0.842 0.641 1.068 1.338 0.863 0.655 0.847 1.125 0.969 1.349 
0.91 1.026 1.004 1.106 0.998 0.703 1.354 1.323 1.409 1.047 1.336 1.255 0.865 1.239 1.345 1.495 1.055 1.04 1.388 0.673 0.66 0.731 0.814 1.228 0.569 0.529 0.735 1.268 1.154 0.556 1.117 0.916 1.434 0.974 0.874 0.932 1.177 0.728 0.755 1.438 0.628 0.943 0.545 0.993 1.035 1.39 0.989 0.59 0.93 1.229 0.763 1.09 0.812 1.429 1.17 1.233 1.458 1.405 1.001 1.464 0.814 0.971 0.881 0.748 1.445 1.255 1.181 1.474 0.836 0.788 1.412 0.964 1.232 1.457 1.457 0.767 1.347 1.298 0.857 0.777 1.38 1.472 0.72 0.692 0.753 1.39 1.426 1.063 0.648 0.927 1.027 0.962 1.398 0.76 1.21 0.695 0.516 1.243 0.669 0.852 
0.532 0.581 0.668 0.616 0.89 0.977 0.883 1.089 0.776 0.592 1.367 1.008 0.916 0.939 1.2 1.169 0.829 1.126 0.732 0.977 0.906 0.611 1.439 1.156 0.872 0.502 1.352 0.888 1.245 0.521 0.592 0.629 0.955 1.112 0.745 0.697 0.589 1.128 1.287 1.217 0.572 0.506 0.725 0.988 0.945 1.426 1.009 1.274 1.404 0.593 1.104 1.162 0.705 1.043 0.819 1.429 1.397 1.023 1.169 1.495 1.396 1.261 0.624 1.203 1.225 0.87 1.401 1.314 0.85 1.188 1.384 1.275 1.194 0.609 0.763 0.639 0.887 0.625 0.765 0.792 0.718 1.369 0.806 1.275 1.265 1.477 1.204 1.162 1 0.873 0.509 0.897 0.986 0.634 0.6 0.711 1.356 0.853 0.878 0.706 
0.541 0.762 1.481 0.587 1.223 1.097 0.726 0.611 0.574 1.344 1.255 0.792 1.213 0.561 0.92 0.978 0.539 0.624 0.993 1.391 1.35 1.002 0.788 1.188 1.488 1.241 0.752 1.344 0.946 1.13 0.903 0.988 0.744 0.884 1.075 1.467 0.833 0.654 0.578 0.907 1.498 0.685 0.552 0.563 0.747 0.972 1.394 1.138 1.448 0.887 1.029 0.65 0.741 0.67 1.339 1.082 0.763 0.591 0.926 1.209 0.573 1.329 1.049 0.817 1.066 0.977 1.136 1.399 1.483 0.567 1.159 1.481 0.752 1.211 0.896 1.351 1.035 0.79 0.989 0.983 1.177 0.871 1.134 0.771 1.041 1.325 1.353 0.656 1.416 1.131 0.717 0.841 1.313 1.267 1.158 0.879 1.096 0.794 1.13 1.079 
1.213 0.789 1.412 1.466 0.852 0.808 1.317 1.387 1.099 1.159 1.223 1.128 0.53 1.209 1.399 1.423 1.034 0.604 0.931 1.302 1.236 1.148 0.643 1.049 1.267 0.653 0.78 0.863 1.299 1.41 1.442 1.013 1.052 1.354 1.331 0.756 0.663 1.148 0.996 0.614 1.159 0.719 1.242 1.189 0.78 1.494 1.464 0.666 0.598 0.895 0.82 0.686 0.544 0.963 0.587 1.311 1.468 0.867 0.675 0.619 1.13 0.969 1.132 1.034 0.824 0.963 1.29 1.339 0.964 1.138 1.453 0.623 0.709 0.547 0.665 0.989 0.541 0.629 1.155 0.992 1.377 1.475 1.178 1.421 1.29 1.266 0.584 0.61 0.985 1.111 0.73 0.615 0.581 0.714 1.149 1.257 0.53 1.292 1.096 0.994 
0.93 1.401 1.469 1.14 0.8 0.986 0.981 0.842 1.116 0.637 1.334 0.993 0.964 1.364 1.266 1.107 1.482 0.702 0.569 0.968 1.314 0.799 1.435 1.395 1.366 1.085 1.152 1.396 1.229 1.1 1.242 0.659 1.353 1.211 0.651 0.653 1.05 1.133 0.995 0.666 0.622 1.181 0.511 1.438 1.398 0.629 1.397 0.732 0.831 1.467 1.2 0.645 1.118 1.488 0.892 0.984 1.425 0.896 0.88 1.154 1.496 0.622 0.665 0.701 0.686 0.817 0.855 1.236 0.802 0.702 0.754 0.924 0.736 1.117 1.214 0.634 1.246 1.112 0.866 0.929 1.079 0.919 1.427 0.697 0.907 0.819 0.534 0.832 1.216 0.914 0.838 0.564 1.037 1.003 0.766 0.575 0.672 1.121 1.311 0.974 
0.675 0.565 0.75 0.911 1.182 1.465 1.397 1.28 1.077 0.764 0.709 1.008 0.535 0.636 0.557 1.294 1.308 0.591 0.978 1.024 1.006 1.316 1.44 0.895 0.819 0.706 0.97 0.992 0.679 1.133 0.818 1.207 0.55 1.069 0.618 0.584 1.034 0.516 1.364 0.963 1.132 0.925 1.471 0.519 1.414 0.88 1.313 1.222 0.972 0.791 1.098 0.83 0.607 1.39 1.225 1.278 0.949 1.047 1.122 1.128 0.68 1.441 0.835 1.082 1.362 1.306 1.166 1.248 1.322 1.382 0.711 1.306 1.159 1.034 1.325 1.073 1.414 1.138 1.147 1.238 1.429 1.097 0.568 0.888 0.988 1.293 1.018 1.437 1.192 0.641 1.065 0.724 0.934 0.753 1.306 0.796 0.911 0.972 0.544 0.733 
1.206 1.107 0.539 0.866 0.993 1.364 1.439 1.259 1.354 1.439 0.998 0.635 1.036 1.418 1.023 0.524 0.564 0.893 1.461 1.256 1.034 1.379 1.481 1.468 0.984 0.639 1.116 1.395 1.464 0.512 0.628 1.17 1.119 1.019 0.536 0.964 1.235 0.828 0.724 1.089 0.767 0.574 1.224 1.303 1.492 1.099 1.328 0.908 1.492 0.641 0.665 1.379 0.52 0.998 0.699 1.004 1.137 1.316 1.251 1.101 1.328 1.379 0.772 1.3 1.25 1.16 0.764 1.337 1.488 1.34 0.926 1.107 0.766 1.002 0.911 1.111 0.953 1.091 0.519 1.298 0.584 0.684 1.177 0.605 1.182 1.376 1.461 1.172 0.544 1.213 0.773 1.373 1.444 1.397 0.525 0.547 1.058 1.141 1.384 1.046 
0.982 1.163 1.006 1.248 1.017 1.417 0.859 1.471 1.36 0.879 0.621 1.444 1.415 0.65 0.901 1.45 0.878 0.863 1.122 0.923 0.928 1.395 1.148 1.224 0.645 1.173 1.271 1.203 0.814 1.156 1.101 0.648 1.171 0.607 0.749 0.688 0.876 1.46 1.011 1.088 1.191 1.132 1.033 1.107 1.282 0.786 1.057 0.661 0.501 1.031 1.436 0.929 1.278 1.084 1.006 1.423 1.109 0.777 1.126 0.775 0.785 1.08 0.924 1.456 1.187 0.525 0.645 0.916 1.485 0.508 0.504 1.177 1.141 1.389 0.784 1.275 0.676 0.693 1.436 1.029 0.576 0.724 1.459 1.354 1.308 1.317 0.63 1.269 0.594 0.608 0.545 0.88 1.188 1.321 1.188 1.228 1.346 0.685 0.644 1.331 
0.694 1 1.008 0.687 0.89 0.644 1.462 1.418 1.189 0.751 0.947 1.265 0.975 1.258 1.472 1.136 1.075 0.602 0.905 1.17 0.71 0.95 0.902 0.751 0.771 0.59 1.479 0.617 0.776 0.623 0.801 1.322 1.475 0.661 0.509 0.865 0.806 1.471 0.783 0.847 1.074 1.231 0.965 0.55 1.341 0.937 1.186 0.917 1.391 0.943 0.587 0.953 1.394 1.341 1.204 1.017 0.783 0.535 1.487 1.411 1.01 0.788 1.233 0.986 0.949 0.594 1.351 0.607 0.918 0.987 0.955 1.492 1.07 0.772 0.894 0.911 1.209 0.932 1.328 1.452 1.376 0.767 1.257 0.622 0.608 1.314 1.139 1.244 1.349 1.478 1.155 0.86 0.766 0.889 1.346 0.568 0.983 0.549 1.027 1.401 
1.036 0.834 0.746 0.606 1.106 1.14 1.018 1.167 0.573 1.198 1.119 0.801 1.466 1.229 0.923 0.926 1.043 0.562 1.022 0.892 0.541 0.678 1.252 1.159 1.067 1.45 0.579 0.902 0.5 1.459 1.156 1.036 0.793 1.402 1.495 1.4 1.394 1.365 1.067 0.819 1.415 1.039 1.12 1.381 0.768 0.543 1.16 0.663 0.958 0.682 1.055 0.999 1.212 1.16 1.01 1.131 1.11 1.442 0.534 1.462 1.401 0.542 0.999 0.694 0.796 1.346 0.946 0.69 0.563 0.514 1.01 1.478 1.405 0.63 0.712 1.025 1.026 0.724 1.188 1.484 0.906 0.743 1.335 0.971 0.755 1.197 0.602 1.366 1.139 0.988 1.328 1.04 1.03 1.179 0.587 1.326 1.377 1.033 0.869 1.44 
1.399 0.731 1.419 0.656 1.213 0.631 1.181 0.739 0.855 0.869 1.075 0.613 1.465 0.91 1.084 0.72 0.608 0.539 0.938 1.247 1.027 0.767 1.14 0.558 0.798 0.579 0.736 0.676 1.464 1.457 0.616 0.716 0.688 0.887 0.872 1.402 1.37 0.554 0.993 0.725 1.275 0.569 1.191 0.592 0.979 1.127 0.813 1.439 1.166 0.603 0.539 0.694 0.87 0.531 1.104 0.521 0.61 1.34 0.697 0.926 1.298 1.165 1.142 0.838 0.905 0.515 1.092 0.775 0.921 0.586 1.353 1.048 0.655 1.044 1.141 1.486 1.023 0.806 1.426 0.69 0.909 1.465 1.236 0.632 1.496 0.84 0.653 0.958 1.032 1.202 1.384 1.182 1.219 1.379 0.521 0.624 1.394 1.113 0.9 1.167 
1.199 0.753 0.715 0.706 0.649 1.356 1.045 1.172 1.014 1.323 0.714 1.424 0.64 1.45 0.556 0.988 1.142 1.061 1.446 0.675 0.763 0.682 1.357 1.482 0.561 1.378 0.607 0.807 1.344 1.359 0.826 1.395 0.964 1.042 0.602 1.465 1.25 1.499 1.489 0.765 1.322 0.704 1.041 1.462 1.006 1.097 0.95 1.001 0.658 0.896 1.176 1.273 1.43 1.385 1.255 0.844 0.616 0.714 0.503 1.46 0.925 0.83 1.355 1.389 0.724 0.809 0.706 0.826 0.808 0.696 1.091 0.63 1.252 0.984 0.592 1.11 0.933 1.394 0.611 1.091 0.79 0.639 1.216 1.073 0.525 0.972 1.417 0.993 0.538 1.42 0.953 0.964 1.102 1.16 1.205 1.326 0.822 1.412 0.653 1.482 
0.608 0.596 0.965 0.712 1.081 1.409 1.322 0.514 1.304 1.434 1.458 0.946 0.573 0.526 0.519 0.95 0.998 0.788 1.443 1.389 0.709 1.248 0.853 0.663 1.261 0.91 1.49 0.935 0.822 0.643 0.917 1.282 1.091 1.382 1.494 1.024 1.292 0.669 1.039 1.096 0.603 1.349 0.542 1.028 1.375 0.914 0.831 1.226 1.202 0.774 1.467 0.763 0.875 0.82 0.927 0.636 0.582 0.917 1.071 0.905 1.412 0.84 1.039 1.355 0.723 1.386 0.88 0.515 0.555 0.771 1.463 1.01 0.972 0.857 0.538 0.847 1.271 0.869 0.925 0.974 1.496 0.892 1.237 0.871 0.564 1.016 1.359 0.647 0.785 1.282 1.404 1.049 0.622 1.295 0.905 1.197 1.181 1.285 0.564 0.588 
0.556 0.527 1.098 1.028 0.885 1.137 0.727 0.656 0.858 0.505 1.482 1.206 0.897 0.572 0.577 1.314 1.088 0.788 0.813 1.374 0.922 1.069 0.923 1.045 0.864 1.328 1.094 0.898 1.465 1.159 0.986 0.873 0.538 0.585 0.753 0.923 0.574 0.981 1.432 1.284 1.338 0.766 0.991 0.735 0.838 1.068 0.901 1.427 0.709 1.214 0.653 1.131 0.783 1.428 1.028 0.5 0.609 0.623 0.898 0.574 0.634 1.384 0.948 0.672 0.821 1.201 1.448 0.895 1.034 0.732 0.68 0.872 0.998 0.523 1.46 0.689 1.443 1.213 0.968 0.652 0.928 1.121 0.636 0.563 1.401 1.164 0.563 0.51 0.639 1.313 0.937 0.773 1.198 0.737 1.298 0.871 0.79 0.598 0.619 1.325 
0.83 1.151 1.049 0.68 1.174 1.361 0.869 1.117 1.075 1.337 1.27 0.503 1.31 1.406 0.918 1.212 1.422 1.334 1.222 0.562 1.147 0.659 1.187 0.845 0.896 0.985 0.569 1.187 1.083 0.688 1.364 0.765 1.339 1.265 0.946 1.013 1.127 0.667 0.982 0.702 0.505 0.752 1.057 1.315 1.01 1.475 1.379 1.285 1.309 1.454 0.699 0.957 0.613 1.386 0.654 1.362 1.224 1.075 1.401 1.159 1.263 0.617 1.425 1.102 1.382 1.223 0.967 1.361 1.39 1.45 0.563 0.747 1.054 1.472 0.915 0.917 1.448 0.794 0.702 0.609 0.748 0.901 1.418 1.214 1.139 0.925 1.428 0.863 0.5 0.681 0.875 0.616 0.798 1.152 1.218 1.032 0.875 1.038 0.894 1.117 
1.34 1.309 0.717 0.894 1.282 1.132 0.663 0.582 0.778 0.865 1.043 1.379 0.618 0.962 1.093 1.258 0.739 1.373 0.973 0.739 0.554 1.348 1.207 1.204 1 1.278 1.088 1.375 0.816 0.834 1.345 0.656 0.644 0.562 1.402 0.778 0.546 0.566 1.212 0.824 1.283 0.755 1.055 1.402 0.569 1 1.16 0.808 0.873 0.633 1.4 1.279 0.834 1.107 1.335 1.334 0.885 0.924 0.562 0.553 0.61 1.407 1.061 1.106 0.821 0.964 1.384 0.867 1.382 1.096 0.543 1.165 1.352 1.451 1.067 1.421 0.951 1.079 1.082 0.677 0.565 0.982 1.456 0.899 0.941 0.644 0.733 1.327 1.42 0.795 0.732 0.53 1.054 1.294 1.137 1.375 0.758 1.373 1.094 0.992 
0.97 1.49 0.657 1.174 0.793 0.577 1.447 1.244 1.156 1.381 1.421 0.573 0.863 0.73 0.972 0.657 0.874 0.558 0.836 0.794 1.205 1.068 1.176 0.76 0.862 0.813 0.987 1.472 0.687 0.934 0.964 0.509 1.276 1.122 0.535 0.569 0.551 1.482 0.665 1.207 1.364 0.587 0.633 1.079 1.169 1.457 0.588 0.543 0.515 0.924 1.189 0.573 0.845 0.865 1.185 1.207 0.531 1.024 0.532 1.07 0.81 0.996 1.079 0.586 0.97 1.114 1.007 1.021 1.448 1.173 1.081 0.664 0.612 0.566 0.596 1.281 0.523 0.684 0.676 0.891 1.461 1.365 0.964 0.806 1.082 0.649 0.865 1.113 1.173 0.897 0.683 0.836 0.746 0.614 0.922 0.568 0.58 0.782 1.442 0.881 
0.807 1.023 1.045 0.919 1.441 1.493 1.052 1.464 1.03 1.228 0.855 0.991 1.445 0.671 0.649 1.027 1.172 1.014 0.993 1.198 1.412 0.528 0.534 1.01 0.643 1.308 1.078 0.723 0.59 1.02 1.104 0.897 0.895 1.002 0.668 0.836 0.995 1.22 1.153 0.525 0.948 0.508 1.368 0.893 1.032 0.517 0.773 0.704 1.032 1.266 1.402 1.296 1.294 1.436 0.806 0.789 1.245 0.736 1.365 0.687 1.257 1.321 1.437 1.004 0.823 0.605 1.341 0.671 1.326 0.994 1.048 1.126 1.354 0.917 0.872 0.886 0.934 1.145 1.443 0.818 1.263 1.345 0.614 1.409 0.634 1.272 0.699 0.731 0.509 0.916 0.918 0.618 0.737 0.855 1.122 1.061 1.313 1.315 0.584 1.139 
0.809 1.132 0.765 1.016 0.901 1.137 0.754 1.336 1.134 0.697 1.006 0.897 0.543 1.473 1.159 1.029 1.245 1.358 0.612 0.606 1.126 1.03 1.076 1.363 0.738 1.051 1.276 0.551 0.866 1.36 0.542 0.528 1.345 1.159 1.044 0.746 0.797 1.298 0.934 0.783 0.848 1.441 1.181 1.243 1.414 0.84 0.772 0.511 1.05 0.884 0.97 0.676 0.766 0.898 0.891 1.356 1.449 0.668 0.759 0.816 0.88 0.801 1.196 0.725 1.461 1.092 1.324 1.11 0.89 0.758 1.393 1.238 1.051 1.426 0.981 1.317 1.118 0.605 1.329 1.02 1.341 1.151 0.548 0.608 0.549 0.94 0.816 1.499 1.46 1.076 1.167 1.192 1.377 1.215 1.418 0.69 0.807 0.594 0.652 0.549 
0.852 0.898 1.288 1.404 0.824 1.121 0.573 0.795 0.579 0.754 0.667 1.42 1.405 1.068 0.88 0.807 0.86 1.197 1.158 0.82 0.773 1.177 0.512 1.002 0.892 0.782 0.545 1.199 0.876 0.697 1.248 0.581 1.095 1.388 0.837 0.772 1.362 0.91 1.419 1.441 1.165 0.938 0.713 1.07 0.506 1.446 0.729 0.866 1.143 1.387 1.186 0.768 1.064 0.551 0.622 1.456 1.185 0.667 0.507 0.562 1.217 1.256 0.643 1.164 1.144 1.332 0.788 1.358 0.742 0.707 0.651 1.407 1.498 0.865 1.33 0.504 0.811 0.559 0.871 0.806 1.447 0.909 1.074 1.363 0.96 1.196 0.672 0.998 0.716 0.679 1.06 1.433 0.787 0.555 1.449 1.432 1.387 0.738 0.642 0.981 
1.297 0.794 0.889 1.295 1.159 1.071 1.3 0.822 1.13 1.023 1.128 1.429 1.432 1.054 0.645 1.245 1.102 0.817 0.743 1.318 1.348 0.655 0.603 0.636 1.062 0.553 0.92 1.301 1.143 1.062 0.782 0.94 1.356 0.523 0.736 1.367 1.094 0.888 0.689 1.077 1.411 0.669 1.358 0.695 1.223 0.855 0.792 0.826 1.172 1.035 0.996 1.021 0.542 1.452 0.509 1.104 0.505 0.929 0.905 1.148 1.491 0.54 0.588 0.7 0.915 1.176 0.567 0.51 0.916 1.109 1.439 1.179 1.278 0.649 1.375 1.354 1.005 0.667 1.032 0.677 0.555 0.88 0.55 0.597 0.832 0.559 0.554 0.837 1.34 1.311 0.837 1.332 1.351 1.278 0.532 0.767 1.306 0.951 1.129 0.723 
0.56 1.068 1.402 0.691 0.569 0.629 0.897 1.074 0.797 1.429 0.604 0.852 0.809 0.654 1.301 1.142 1.066 1.355 0.831 0.906 1.167 1.169 1.09 1.37 1.299 1.474 0.637 1.105 0.926 0.618 1.328 1.338 0.538 0.583 0.881 0.608 0.712 1.278 1.182 1.009 0.559 1.286 0.713 1.221 0.793 0.515 1.215 1.359 0.722 0.898 1.117 0.741 0.919 0.708 0.612 0.718 0.682 1.101 1.324 1.46 1.22 0.504 0.651 1.258 0.587 1.032 0.718 0.8 1.163 1.401 0.661 0.574 1.187 0.875 0.647 0.832 1.242 1.362 0.691 0.816 1.113 1.309 1.058 0.532 0.869 0.522 0.751 1.403 1.123 0.927 1.364 0.843 0.931 0.867 0.954 1.371 1.399 1.172 1.023 1.414 
1.425 1.184 1.489 1.465 0.911 0.988 0.797 1.005 0.851 0.989 0.674 1.464 1.15 1.232 0.848 0.871 1.254 1.099 0.774 1.229 0.878 0.99 0.925 0.662 1.357 1.379 0.533 0.609 1.403 1.056 0.875 1.329 1.092 1.216 0.646 0.504 0.705 0.943 1.361 1.056 0.784 0.535 1.372 0.786 0.619 0.72 1.157 1.373 0.672 0.784 1.455 1.05 0.626 0.88 0.564 1.484 1.111 0.597 0.945 1.014 0.505 1.32 1.195 1.45 1.037 1.341 0.806 0.594 1.137 0.667 0.502 1.421 1.055 1.374 0.708 1.174 0.946 0.717 1.4 1.47 1.001 1.355 1.373 1.128 0.735 1.437 1.464 1.346 0.887 1.261 1.212 0.892 1.081 1.26 1.194 0.97 1.101 0.5 1.416 1.09 
1.02 1.418 1.012 0.575 0.644 0.572 1.249 1.091 1.141 1.149 1.061 0.995 1.356 0.934 0.975 0.591 1.224 1.291 0.789 0.611 1.052 0.502 1.355 0.985 1.262 1.05 0.808 1.215 1.05 0.724 0.806 0.922 0.643 0.67 0.997 0.787 1.094 1.099 0.73 0.735 1.1 0.644 0.582 0.957 1.43 1.057 1.4 1.154 0.848 0.69 1.265 0.752 1.044 1.121 1.238 1.158 1.023 0.546 0.873 0.573 0.77 0.531 0.996 1.265 1.053 0.845 0.905 0.999 1.444 1.135 0.587 1.045 1.279 0.669 0.854 0.562 1.227 0.754 1.216 0.927 1.296 0.982 1.18 1.192 0.955 1.27 0.85 1.478 1.316 0.576 0.903 0.938 0.959 0.751 0.704 0.513 1.097 1.109 1.364 1.393 
1.096 1.451 1.29 1.228 0.621 0.644 1.29 0.7 1.251 1.006 1.479 1.047 0.84 0.511 1.092 1.295 1.281 1.442 0.625 1.097 0.518 1.029 0.888 1.33 0.632 1.092 0.695 0.581 1.053 0.559 1.475 0.649 0.511 1.265 1.377 0.984 0.762 1.167 1.184 0.513 1.026 1.163 1.412 1.366 1.175 1.004 0.514 1.308 1.299 0.991 0.906 0.669 0.52 1.294 1.499 1.005 1.238 0.694 1.086 0.791 0.754 1.061 1.292 1.117 1.179 0.522 0.601 1.441 1.189 1.285 0.806 1.067 1.3 1.07 1.286 1.327 0.927 1.3 1.136 0.726 0.791 0.894 0.895 1.164 1.04 1.247 0.669 0.778 1.441 1.255 1.421 1.047 1.169 1.213 1.016 0.848 1.235 1.117 1.141 1.277 
1.254 0.799 1.196 1.407 1.369 0.982 0.586 0.796 1.134 1.222 1.374 0.778 0.968 1.122 0.794 0.508 0.869 0.963 0.786 1.162 1.07 1.059 1.062 1.091 1.125 0.578 1.439 1.212 0.548 1.432 0.989 0.654 0.731 0.686 0.561 0.953 0.52 0.648 1.249 1.155 0.722 1.476 1.433 1.191 1.098 0.727 1.199 0.819 0.542 0.838 0.833 1.464 0.749 0.747 1.056 1.374 0.826 1.347 1.087 1.226 1.28 0.928 1.38 0.511 1.466 1.442 0.964 1.487 0.942 1.066 1.142 1.164 1.394 1.427 1.207 1.344 1.006 1.259 0.663 1.048 0.597 1.348 1.012 1.198 0.596 0.92 1.073 0.922 0.768 0.66 1 0.548 1.44 0.88 0.911 1.407 1.174 0.728 1.394 0.968 
1.294 1.388 0.633 1.188 1.315 0.692 1.032 1.173 1.451 0.547 0.721 0.9 1.395 0.585 0.599 1.491 1.358 1.172 1.265 0.626 0.684 0.765 1.026 0.624 1.498 1.437 0.531 0.524 0.665 0.777 0.993 0.811 0.665 1.478 0.851 0.832 0.67 0.735 0.505 0.622 0.782 1.078 1.374 1.03 0.516 1.473 1.021 1.374 1.145 1.139 0.852 0.681 0.756 1.378 0.806 1.106 1.315 1.189 1.131 0.833 1.467 0.976 1.144 0.984 1.306 1.496 0.669 0.828 0.731 0.674 1.302 1.366 0.605 1.177 0.896 0.973 1.15 1.417 1.199 0.796 1.408 0.551 1.329 0.665 1.429 0.635 1.271 0.596 1.325 1.254 0.929 0.644 0.73 0.926 1.128 0.888 0.922 1.297 1.217 0.505 
0.824 1.019 1.371 1.281 0.696 0.767 0.754 1.347 1.037 1.453 0.995 0.945 0.504 0.824 1.462 0.785 1.312 0.586 0.881 1.489 1.34 0.663 0.633 0.923 1.089 0.613 1.311 0.863 1.411 1.028 0.868 1.087 0.548 0.74 0.868 1.096 1.359 1.474 1.295 1.248 0.779 0.79 1.046 1.135 1.467 1.008 1.42 1.279 1.094 1.153 1.268 1.287 1.316 0.753 0.71 1.257 0.866 0.521 0.62 1.129 1.402 1.341 1.068 0.802 0.933 1.436 1.398 0.792 0.762 0.546 0.893 1.041 0.836 1.439 0.676 1.155 1.299 0.596 0.934 1.246 0.602 1.054 1.033 0.77 0.659 1.243 0.528 1.026 0.616 1 1.007 0.87 0.841 0.576 1.172 0.626 0.864 1.423 1.271 1.127 
1.469 0.664 1.02 1.157 0.603 1.197 0.813 0.754 0.645 0.599 0.5 1.099 0.506 1.033 1.37 0.665 1.128 0.75 0.543 0.597 0.602 1.051 0.967 0.944 1.479 0.992 1.422 1.195 1.267 1.193 0.822 0.588 1.357 0.695 1.245 0.812 1.392 0.91 1.067 0.889 1.01 1.067 1.489 1.368 0.953 0.711 0.885 0.933 0.961 0.929 1.03 1.063 0.832 0.85 0.859 1.163 1.342 0.782 0.858 1.461 1.475 0.533 0.549 0.685 0.728 1.294 1.349 0.972 1.057 0.916 1.361 0.919 0.836 0.702 0.787 1.289 0.913 1.172 0.722 1.374 0.953 0.605 1.29 0.637 0.955 0.649 1.3 1.149 1.283 0.659 1.11 0.611 0.692 1.159 0.796 0.92 1.305 0.645 1.392 0.862 
1.414 0.605 1.281 0.75 0.808 0.92 0.891 1.221 0.945 1.465 1.448 1.398 0.922 1.238 0.536 1.377 0.739 0.688 1.378 0.523 0.847 0.988 0.634 1.391 0.999 1.282 1.163 1.157 0.779 1.055 0.519 0.693 0.513 0.653 1.295 0.821 1.425 1.038 0.894 0.87 1.004 1.194 0.769 0.778 1.284 1.157 0.656 0.524 1.345 0.886 0.899 1.045 0.727 1.033 0.936 1.226 1.167 0.6 0.883 1.446 0.507 1.255 0.64 0.52 0.76 1.435 1.193 0.685 0.974 0.94 1.408 0.83 0.986 0.677 1.108 0.771 0.686 0.616 0.795 0.531 1.003 1.194 1.428 1.23 1.079 0.865 1.308 0.746 1.317 1.044 1.044 1.324 1.151 1.184 0.697 0.763 1.472 1.39 0.948 1.298 
1.182 1.208 0.628 0.669 1.385 0.588 0.94 0.923 1.057 0.587 1.307 0.56 0.633 1.235 0.642 0.564 0.6 1.45 1.162 0.769 1.346 0.706 0.594 0.997 1.391 0.791 1.26 0.715 1.033 1.061 0.513 1.068 0.769 0.993 1.237 1.007 1.081 1.029 1.43 0.638 1.116 1.237 1.05 0.601 1.325 1.192 0.665 0.777 1.495 1.327 1.047 1.341 0.533 1.141 1.191 0.776 0.784 0.951 0.991 0.669 0.864 1.356 1.237 1.134 0.849 1.326 0.993 1.431 0.855 0.923 0.921 0.823 1.013 1.472 0.924 0.838 0.516 1.441 1.115 0.863 0.62 1.014 0.705 1.006 0.655 1.396 1.282 1.291 1.199 1.126 1.461 0.564 0.982 0.55 0.55 1.332 1.377 1.043 0.615 1.084 
0.818 1.388 1.408 0.683 0.712 1.184 1.021 0.729 1.478 0.989 1.444 0.598 0.503 0.649 1.104 1.011 0.897 0.887 1.154 0.949 0.865 1.467 1.365 0.699 0.518 0.767 0.883 0.747 1.31 0.998 1.331 0.98 1.239 0.591 1.164 1.451 0.628 1.037 1.032 0.606 0.878 0.977 0.704 1.234 1.478 1.309 0.745 1.228 1.048 0.751 0.677 0.765 0.719 0.894 0.964 1.089 1.161 1.348 0.688 1.323 1.198 0.871 1.155 0.937 1.315 0.819 0.889 1.443 0.709 0.773 0.549 1.087 1.25 1.105 0.821 1.229 1.266 1.418 1.309 0.814 1.022 0.838 1.431 0.593 1.232 0.896 1.182 1.245 1.096 0.722 1.068 0.794 1.093 1.075 0.584 0.908 0.747 1.325 0.851 0.956 
0.598 1.252 0.895 1.349 0.858 1.217 1.43 0.976 1.487 1.239 1.291 1.009 0.577 0.574 1.102 0.661 0.97 1.136 1.406 0.918 1.358 1.326 1.213 1.304 0.901 0.649 1.064 1.148 1.474 0.768 0.956 0.924 0.52 1.352 1.125 1.23 1.421 1.055 0.707 1.408 1.146 0.85 1.27 0.575 0.924 1.224 1.088 0.747 1.213 1.346 1.165 1.423 1.172 1.23 1.227 0.926 0.731 1.144 0.926 0.705 1.412 0.735 1.13 0.784 0.587 1.107 0.515 0.86 0.663 1.074 1.12 0.661 0.776 0.89 1.089 0.552 0.967 0.677 1.151 0.68 0.524 1.169 0.955 0.548 0.899 1.035 1.326 1.483 0.679 1.105 0.688 0.591 1.34 0.67 0.875 1.427 1.278 1.242 0.787 0.793 
1.168 0.759 1.306 0.796 1.15 1.247 0.849 0.969 0.777 0.5 0.501 1.153 1.169 0.956 1.201 0.921 1.491 1.38 0.904 1.022 0.985 1.444 1.113 0.825 0.967 0.841 1.104 1.097 0.935 0.743 1.39 0.604 1.002 0.548 0.9 1.004 1.296 0.601 1.473 0.925 0.602 0.826 0.578 0.623 1.283 0.631 1.396 0.626 0.511 0.8 1.149 0.996 1.097 1.114 0.673 0.564 0.807 1.277 1.161 1.243 0.872 1.403 0.699 1.375 0.803 1.099 1.231 0.951 1.201 0.557 1.376 0.655 0.883 1.454 1.13 0.666 0.586 1.027 1.145 0.949 0.679 1.146 0.798 1.276 0.76 0.971 0.692 1.42 1.101 1.353 1.163 1.473 0.608 1.362 0.7 1.264 1.313 0.784 0.715 1.366 
0.841 0.944 0.521 1.224 0.898 0.504 0.743 1.336 1.031 1.388 0.786 1.21 1.034 1.084 1.339 0.646 0.907 0.531 0.566 0.508 0.737 0.581 0.834 0.845 0.795 1.386 0.609 0.609 0.67 1.177 1.475 1.011 0.621 0.849 1.088 1.371 0.853 1.331 1.208 1.384 1.219 0.846 1.446 1.105 0.782 1.285 0.603 1.189 1.317 1.022 0.55 0.554 1.455 1.236 1.251 0.751 1.122 0.713 0.86 0.645 1.39 1.187 1.156 0.511 0.536 1.096 1.382 1.241 0.927 1.442 1.477 0.998 1.14 1.424 0.955 1.422 0.561 1.059 1.464 1.378 0.933 0.514 0.784 0.888 1.25 0.536 1.491 1.224 0.749 1.203 1.369 0.991 0.891 1.378 1.002 1.279 0.974 1.236 1.021 1.402 
0.531 1.35 1.252 1.171 1.274 0.708 1.094 0.688 0.619 1.41 0.566 1.052 1.424 1.203 0.792 0.526 1.239 0.784 0.602 0.84 1.487 1.472 1.331 1.23 0.702 1.185 1.01 0.528 1.273 0.883 1.43 1.304 0.733 0.535 0.976 0.86 0.743 0.922 1.048 0.862 0.832 1.466 0.766 1.108 1.169 1.41 1.134 1.26 1.046 0.588 0.6 1.386 0.912 0.783 1.116 1.114 1.468 0.978 1.143 1.242 1.361 1.425 1.046 0.947 1.46 0.874 1.307 1.055 1.296 1.207 0.769 0.628 1.173 1.035 1.236 0.843 0.946 1.222 0.603 1.492 1.311 1.056 1.378 1.075 1.339 1.347 0.69 1.308 0.825 0.685 1.402 0.687 0.962 1.3 1.486 0.923 0.675 1.293 0.83 1.471 
1 1.1 0.952 1.025 0.635 1.04 0.72 1.433 1.115 1.176 0.778 1.278 0.732 1.008 0.853 0.923 0.855 1.395 1.083 1.181 0.58 0.985 0.72 1.043 0.786 1.058 0.818 0.961 0.851 1.148 1.284 0.703 0.748 1.088 0.58 1.236 0.629 0.801 0.521 0.596 1.477 0.799 1.374 1.061 1.308 1.079 1.484 1.015 0.975 1.068 1.048 1.407 0.905 0.62 0.95 1.191 1.178 1.268 1.004 0.529 1.269 1.141 1.084 0.869 0.729 1.165 0.605 1.21 1.466 0.627 0.658 0.795 1.278 0.532 1.356 1.086 1.464 1.34 0.954 0.939 1.26 0.502 0.846 0.666 0.623 0.649 0.709 1.301 0.769 1.214 0.683 0.538 1.207 0.619 0.908 1.436 0.636 1.365 1.499 0.954 
0.844 0.657 1.249 0.623 1.042 1.105 0.561 1.006 1.298 1.015 0.797 1.058 1.37 1.495 1.224 0.845 0.644 1.434 0.998 1.266 0.5 0.533 0.656 1.207 0.653 1.064 1.495 0.789 1.282 0.846 0.596 0.978 1.004 1.345 1.101 0.898 0.951 0.515 0.756 1.101 1.382 1.405 0.659 1.252 1.4 0.736 0.949 0.897 0.67 1.448 0.663 1.022 1.481 0.819 1.081 0.986 0.736 1.076 0.628 0.87 1.423 0.724 1.348 1.279 0.921 1.302 0.677 1.372 1.317 1.285 1.325 1.199 1.19 1.485 1.304 1.09 0.721 1.105 0.839 1.243 1.053 1.002 1.117 1.387 0.674 0.698 1.225 1.262 1.274 1.353 0.632 0.549 0.929 0.832 0.68 1.351 0.634 0.857 0.575 0.803 
0.994 1.401 0.503 0.684 0.738 0.659 1.275 0.959 0.616 0.966 1.054 1.17 1.469 0.671 1.409 0.995 1.221 1.134 0.757 0.995 1.34 1.241 1.397 0.769 0.573 0.577 0.62 0.708 1.287 0.696 1.011 0.781 0.949 1.366 0.966 1.187 0.877 1.093 0.998 0.994 0.559 0.552 1.016 0.88 1.075 0.925 1.375 0.796 0.911 0.984 0.643 0.751 0.725 0.892 1.021 1.151 0.97 1.493 0.711 1.109 0.689 0.574 1.39 1.49 0.793 1.208 1.177 0.522 1.153 0.675 1.016 1.213 1.079 0.884 0.945 0.654 0.661 0.821 1.302 1.425 0.657 0.798 0.676 1.235 1.19 0.549 0.886 1.012 0.543 1.449 0.621 1.084 0.523 0.864 1.075 0.816 0.572 0.752 1.191 1.226 
1.28 1.059 1.291 0.859 1.444 0.736 1.014 0.957 1.409 1.168 0.882 0.567 1.466 1.059 0.654 1.157 1.46 1.04 0.669 0.503 1.341 1.143 1.44 1.364 0.507 1.015 1.033 0.931 0.619 0.724 1.009 1.399 1.283 0.8 0.759 0.579 1.389 0.625 1.037 1.298 1.293 1.419 0.717 0.612 1.33 0.871 1.269 0.643 0.763 0.79 0.646 0.604 0.785 0.938 0.821 0.792 1.453 1.354 1.224 0.925 0.93 1.085 1.176 0.713 1.386 1.435 1.145 1.275 0.912 0.682 1.425 1.058 0.953 0.643 1.17 1.136 1.366 1.291 1.279 0.63 0.933 0.777 1.086 1.219 1.216 1.407 0.511 0.521 1.261 0.587 1.298 1.043 1.173 0.975 0.609 1.411 1.262 1.254 0.538 0.675 
0.788 0.815 1.233 1.241 1.31 1.255 1.229 1.177 1.046 1.36 0.659 1.479 0.638 1.245 1.198 0.706 1.153 0.562 0.727 1.266 1.001 0.526 0.81 1.026 1.001 1.271 0.937 0.763 1.025 1.327 1.29 1.313 0.643 1.023 1.406 1.453 0.778 1.136 1.482 0.676 0.996 0.641 0.656 1.486 1.387 0.706 0.692 1.392 1.12 0.92 0.51 0.622 1.298 1.172 1.148 1.151 0.943 0.938 1.414 1.468 1.117 0.557 0.633 0.612 1.432 0.54 0.566 0.711 1.176 0.9 1.239 1.024 1.042 1.395 1.011 1.281 0.954 1.203 0.525 0.574 0.975 0.535 0.696 0.773 0.56 0.697 1.424 1.355 1.487 0.691 1.324 1.104 1.1 0.809 1.217 1.032 0.849 0.635 0.595 0.877 
1.387 1.335 1.402 0.929 1.23 1.265 1.062 1.036 1.32 1.087 1.111 0.796 1.475 0.659 1.421 0.887 1.208 1.346 0.742 1.195 0.889 0.918 1.152 1.489 1.228 1.221 1.021 0.929 0.708 1.117 1.307 0.595 0.952 0.561 1.377 1.034 0.678 0.939 0.923 1.498 0.879 0.534 0.794 1.206 1.045 0.716 0.593 0.754 0.914 1.187 0.801 0.655 0.606 0.805 0.996 0.686 0.526 0.517 1.115 0.734 1.486 1.274 0.83 1.29 1.335 0.707 1.177 0.513 1.498 0.6 0.864 0.877 0.986 1.158 0.935 0.883 0.726 1.028 1.489 1.492 0.716 1.143 0.647 1.174 1.448 1.143 1.36 1.475 0.513 1.327 1.061 0.851 1.102 0.743 0.642 1.289 1.302 0.671 0.655 1.301 
1.123 1.019 1.03 0.961 1.029 1.466 1.344 1.256 1.346 0.686 1.248 0.914 1.329 0.748 0.94 1.277 1.391 0.8 0.604 0.756 0.98 0.518 1.108 0.582 1.113 0.602 0.723 0.916 1.125 0.878 1.069 0.748 1.397 0.599 1.209 0.927 0.917 1.405 1.035 1.116 0.943 0.783 0.53 0.772 1.383 0.971 0.902 1.275 0.623 1.358 0.883 1.103 1.376 1.491 0.537 1.342 0.945 0.761 0.758 0.57 1.491 1.327 1.17 0.741 0.778 1.231 1.168 0.548 1.489 1.055 1.164 0.932 0.69 0.546 1.205 0.574 1.017 0.959 0.701 1.493 1.169 1.084 1.448 1.046 1.428 1.486 1.24 0.873 1.099 1.498 1.296 1.442 0.677 0.966 0.683 0.955 0.698 0.703 1.355 1.039 
